epoch,iter,legend,note,value,rank
0,0,cfg,"Namespace(batch_size_per_device=128, channel_last=None, ctrl_port=50051, decay_rate=0.9, dtype='float32', epsilon=1.0, fuse_bn_add_relu=True, fuse_bn_relu=True, gpu_image_decoder=True, gpu_num_per_node=1, gradient_clipping=0.0, image_path='test_img/tiger.jpg', image_shape=[3, 224, 224], image_size=224, label_smoothing=0.1, learning_rate=0.001, log_dir='./logs_bs128_fp32_1', loss_print_every_n_iter=20, lr_decay='cosine', lr_decay_epochs=2, lr_decay_rate=0.94, model='resnet50', model_load_dir=None, model_save_dir='./output/snapshots/model_save-20201217163822', momentum=0.875, nccl_fusion_max_ops=24, nccl_fusion_threshold_mb=16, node_ips=['1'], num_classes=1000, num_epochs=2, num_examples=1281167, num_nodes=1, num_val_examples=50000, optimizer='sgd', pad_output=True, resize_shorter=256, rgb_mean=[123.68, 116.779, 103.939], rgb_std=[58.393, 57.12, 57.375], train_data_dir='./ofrecord/train', train_data_part_num=256, use_fp16=None, use_xla=None, val_batch_size_per_device=125, val_data_dir='./ofrecord/validation', val_data_part_num=256, warmup_epochs=5, wd=3.0517578125e-05)",,
0,19,train_loss,,7.014228820800781,0.0
0,19,train_throughput,,321.9619622320975,0.0
0,19,train_top_1,,0.0015625,0.0
0,19,train_top_5,,0.005859375,0.0
0,39,train_loss,,7.028404235839844,0.0
0,39,train_throughput,,381.9089224847207,0.0
0,39,train_top_1,,0.001953125,0.0
0,39,train_top_5,,0.006640625,0.0
0,59,train_loss,,7.054302215576172,0.0
0,59,train_throughput,,381.23343117600376,0.0
0,59,train_top_1,,0.002734375,0.0
0,59,train_top_5,,0.00625,0.0
0,79,train_loss,,7.142945766448975,0.0
0,79,train_throughput,,380.74975028122503,0.0
0,79,train_top_1,,0.003515625,0.0
0,79,train_top_5,,0.006640625,0.0
0,99,train_loss,,7.09207820892334,0.0
0,99,train_throughput,,380.316564636563,0.0
0,99,train_top_1,,0.001171875,0.0
0,99,train_top_5,,0.005859375,0.0
0,119,train_loss,,7.058539390563965,0.0
0,119,train_throughput,,380.0705600394292,0.0
0,119,train_top_1,,0.001953125,0.0
0,119,train_top_5,,0.005078125,0.0
0,139,train_loss,,7.041216850280762,0.0
0,139,train_throughput,,379.79023888324724,0.0
0,139,train_top_1,,0.003125,0.0
0,139,train_top_5,,0.0078125,0.0
0,159,train_loss,,7.140782833099365,0.0
0,159,train_throughput,,379.14245603697196,0.0
0,159,train_top_1,,0.00078125,0.0
0,159,train_top_5,,0.005078125,0.0
0,179,train_loss,,7.165624618530273,0.0
0,179,train_throughput,,378.96224999021484,0.0
0,179,train_top_1,,0.00078125,0.0
0,179,train_top_5,,0.00703125,0.0
0,199,train_loss,,7.07219123840332,0.0
0,199,train_throughput,,378.07473898207877,0.0
0,199,train_top_1,,0.0,0.0
0,199,train_top_5,,0.002734375,0.0
0,219,train_loss,,7.033548831939697,0.0
0,219,train_throughput,,377.9878158682095,0.0
0,219,train_top_1,,0.0015625,0.0
0,219,train_top_5,,0.0078125,0.0
0,239,train_loss,,7.220338344573975,0.0
0,239,train_throughput,,378.06506113521436,0.0
0,239,train_top_1,,0.001953125,0.0
0,239,train_top_5,,0.0078125,0.0
0,259,train_loss,,7.116030693054199,0.0
0,259,train_throughput,,377.5840303613982,0.0
0,259,train_top_1,,0.00078125,0.0
0,259,train_top_5,,0.005078125,0.0
0,279,train_loss,,7.061017990112305,0.0
0,279,train_throughput,,377.4744403474753,0.0
0,279,train_top_1,,0.00234375,0.0
0,279,train_top_5,,0.0078125,0.0
0,299,train_loss,,7.090991020202637,0.0
0,299,train_throughput,,377.38372099562156,0.0
0,299,train_top_1,,0.00078125,0.0
0,299,train_top_5,,0.0078125,0.0
0,319,train_loss,,7.143699645996094,0.0
0,319,train_throughput,,376.82123573249186,0.0
0,319,train_top_1,,0.0015625,0.0
0,319,train_top_5,,0.007421875,0.0
0,339,train_loss,,7.136218070983887,0.0
0,339,train_throughput,,377.60594006536616,0.0
0,339,train_top_1,,0.00234375,0.0
0,339,train_top_5,,0.00625,0.0
0,359,train_loss,,7.088518142700195,0.0
0,359,train_throughput,,377.2840834623751,0.0
0,359,train_top_1,,0.003515625,0.0
0,359,train_top_5,,0.005859375,0.0
0,379,train_loss,,7.132174015045166,0.0
0,379,train_throughput,,376.56723707875307,0.0
0,379,train_top_1,,0.001171875,0.0
0,379,train_top_5,,0.00625,0.0
0,399,train_loss,,6.996294021606445,0.0
0,399,train_throughput,,377.5618576740423,0.0
0,399,train_top_1,,0.001953125,0.0
0,399,train_top_5,,0.00390625,0.0
0,419,train_loss,,7.069241523742676,0.0
0,419,train_throughput,,376.6862777730846,0.0
0,419,train_top_1,,0.00234375,0.0
0,419,train_top_5,,0.005859375,0.0
0,439,train_loss,,7.115680694580078,0.0
0,439,train_throughput,,377.1709180197531,0.0
0,439,train_top_1,,0.0015625,0.0
0,439,train_top_5,,0.00703125,0.0
0,459,train_loss,,7.181355953216553,0.0
0,459,train_throughput,,376.67907585913036,0.0
0,459,train_top_1,,0.00078125,0.0
0,459,train_top_5,,0.003125,0.0
0,479,train_loss,,7.119586944580078,0.0
0,479,train_throughput,,376.68281553420536,0.0
0,479,train_top_1,,0.001171875,0.0
0,479,train_top_5,,0.00390625,0.0
0,499,train_loss,,7.091961860656738,0.0
0,499,train_throughput,,377.2540990748658,0.0
0,499,train_top_1,,0.0015625,0.0
0,499,train_top_5,,0.003515625,0.0
0,519,train_loss,,7.050225734710693,0.0
0,519,train_throughput,,376.08318438457803,0.0
0,519,train_top_1,,0.0015625,0.0
0,519,train_top_5,,0.00546875,0.0
0,539,train_loss,,7.039092063903809,0.0
0,539,train_throughput,,376.3602873728523,0.0
0,539,train_top_1,,0.00234375,0.0
0,539,train_top_5,,0.00546875,0.0
0,559,train_loss,,7.101137638092041,0.0
0,559,train_throughput,,375.56477204644955,0.0
0,559,train_top_1,,0.001953125,0.0
0,559,train_top_5,,0.00703125,0.0
0,579,train_loss,,7.046472549438477,0.0
0,579,train_throughput,,375.7060130460117,0.0
0,579,train_top_1,,0.001953125,0.0
0,579,train_top_5,,0.006640625,0.0
0,599,train_loss,,7.137002944946289,0.0
0,599,train_throughput,,375.61565545089894,0.0
0,599,train_top_1,,0.00234375,0.0
0,599,train_top_5,,0.00625,0.0
0,619,train_loss,,6.9940185546875,0.0
0,619,train_throughput,,376.411307408157,0.0
0,619,train_top_1,,0.002734375,0.0
0,619,train_top_5,,0.006640625,0.0
0,639,train_loss,,7.082884311676025,0.0
0,639,train_throughput,,375.66468630246675,0.0
0,639,train_top_1,,0.000390625,0.0
0,639,train_top_5,,0.005078125,0.0
0,659,train_loss,,7.1186017990112305,0.0
0,659,train_throughput,,375.7979792676932,0.0
0,659,train_top_1,,0.0,0.0
0,659,train_top_5,,0.004296875,0.0
0,679,train_loss,,7.1020989418029785,0.0
0,679,train_throughput,,375.23426730770973,0.0
0,679,train_top_1,,0.0015625,0.0
0,679,train_top_5,,0.007421875,0.0
0,699,train_loss,,7.086538791656494,0.0
0,699,train_throughput,,375.53050282194744,0.0
0,699,train_top_1,,0.000390625,0.0
0,699,train_top_5,,0.005078125,0.0
0,719,train_loss,,7.026423931121826,0.0
0,719,train_throughput,,375.24319753602344,0.0
0,719,train_top_1,,0.000390625,0.0
0,719,train_top_5,,0.003125,0.0
0,739,train_loss,,7.074095249176025,0.0
0,739,train_throughput,,374.61163040596176,0.0
0,739,train_top_1,,0.0015625,0.0
0,739,train_top_5,,0.00390625,0.0
0,759,train_loss,,7.096932411193848,0.0
0,759,train_throughput,,374.954485329626,0.0
0,759,train_top_1,,0.000390625,0.0
0,759,train_top_5,,0.003515625,0.0
0,779,train_loss,,7.176266193389893,0.0
0,779,train_throughput,,374.55004345860067,0.0
0,779,train_top_1,,0.0015625,0.0
0,779,train_top_5,,0.007421875,0.0
0,799,train_loss,,7.121429920196533,0.0
0,799,train_throughput,,374.92668979480015,0.0
0,799,train_top_1,,0.001171875,0.0
0,799,train_top_5,,0.004296875,0.0
0,819,train_loss,,7.130125045776367,0.0
0,819,train_throughput,,374.4087170475105,0.0
0,819,train_top_1,,0.0015625,0.0
0,819,train_top_5,,0.005078125,0.0
0,839,train_loss,,7.059055805206299,0.0
0,839,train_throughput,,374.57761329920953,0.0
0,839,train_top_1,,0.0015625,0.0
0,839,train_top_5,,0.00546875,0.0
0,859,train_loss,,7.041120529174805,0.0
0,859,train_throughput,,374.57679006509085,0.0
0,859,train_top_1,,0.0015625,0.0
0,859,train_top_5,,0.00546875,0.0
0,879,train_loss,,7.1551923751831055,0.0
0,879,train_throughput,,373.93012908671307,0.0
0,879,train_top_1,,0.00078125,0.0
0,879,train_top_5,,0.001953125,0.0
0,899,train_loss,,7.039941310882568,0.0
0,899,train_throughput,,374.50323629065315,0.0
0,899,train_top_1,,0.00234375,0.0
0,899,train_top_5,,0.004296875,0.0
0,919,train_loss,,7.1723952293396,0.0
0,919,train_throughput,,374.5811545539019,0.0
0,919,train_top_1,,0.001171875,0.0
0,919,train_top_5,,0.00546875,0.0
0,939,train_loss,,7.092705726623535,0.0
0,939,train_throughput,,374.05855807209707,0.0
0,939,train_top_1,,0.001171875,0.0
0,939,train_top_5,,0.0046875,0.0
0,959,train_loss,,6.897281646728516,0.0
0,959,train_throughput,,374.4706101369783,0.0
0,959,train_top_1,,0.00234375,0.0
0,959,train_top_5,,0.00625,0.0
0,979,train_loss,,7.037755489349365,0.0
0,979,train_throughput,,374.2042497798495,0.0
0,979,train_top_1,,0.00078125,0.0
0,979,train_top_5,,0.0078125,0.0
0,999,train_loss,,7.073653221130371,0.0
0,999,train_throughput,,374.09364094151005,0.0
0,999,train_top_1,,0.000390625,0.0
0,999,train_top_5,,0.005078125,0.0
0,1019,train_loss,,7.075542449951172,0.0
0,1019,train_throughput,,374.127374659842,0.0
0,1019,train_top_1,,0.002734375,0.0
0,1019,train_top_5,,0.008203125,0.0
0,1039,train_loss,,7.133279800415039,0.0
0,1039,train_throughput,,374.4609200366488,0.0
0,1039,train_top_1,,0.0015625,0.0
0,1039,train_top_5,,0.006640625,0.0
0,1059,train_loss,,7.129366397857666,0.0
0,1059,train_throughput,,374.3048244572826,0.0
0,1059,train_top_1,,0.00078125,0.0
0,1059,train_top_5,,0.004296875,0.0
0,1079,train_loss,,7.100791931152344,0.0
0,1079,train_throughput,,374.0804645454549,0.0
0,1079,train_top_1,,0.000390625,0.0
0,1079,train_top_5,,0.00390625,0.0
0,1099,train_loss,,7.134171962738037,0.0
0,1099,train_throughput,,374.7148434098804,0.0
0,1099,train_top_1,,0.000390625,0.0
0,1099,train_top_5,,0.00546875,0.0
0,1119,train_loss,,7.150732040405273,0.0
0,1119,train_throughput,,374.09702968006525,0.0
0,1119,train_top_1,,0.000390625,0.0
0,1119,train_top_5,,0.005078125,0.0
0,1139,train_loss,,7.134338855743408,0.0
0,1139,train_throughput,,374.05493547603385,0.0
0,1139,train_top_1,,0.001171875,0.0
0,1139,train_top_5,,0.004296875,0.0
0,1159,train_loss,,7.0866899490356445,0.0
0,1159,train_throughput,,374.69422241013393,0.0
0,1159,train_top_1,,0.001171875,0.0
0,1159,train_top_5,,0.00546875,0.0
0,1179,train_loss,,7.0925164222717285,0.0
0,1179,train_throughput,,374.4155190634655,0.0
0,1179,train_top_1,,0.000390625,0.0
0,1179,train_top_5,,0.00546875,0.0
0,1199,train_loss,,7.169575214385986,0.0
0,1199,train_throughput,,375.05222792674647,0.0
0,1199,train_top_1,,0.00078125,0.0
0,1199,train_top_5,,0.003515625,0.0
0,1219,train_loss,,7.147303581237793,0.0
0,1219,train_throughput,,374.80662588460274,0.0
0,1219,train_top_1,,0.0015625,0.0
0,1219,train_top_5,,0.005078125,0.0
0,1239,train_loss,,7.112546920776367,0.0
0,1239,train_throughput,,374.526527370921,0.0
0,1239,train_top_1,,0.003125,0.0
0,1239,train_top_5,,0.00625,0.0
0,1259,train_loss,,7.064271450042725,0.0
0,1259,train_throughput,,374.8723936874744,0.0
0,1259,train_top_1,,0.00234375,0.0
0,1259,train_top_5,,0.007421875,0.0
0,1279,train_loss,,7.046183109283447,0.0
0,1279,train_throughput,,374.9667674768932,0.0
0,1279,train_top_1,,0.001953125,0.0
0,1279,train_top_5,,0.00625,0.0
0,1299,train_loss,,7.062212944030762,0.0
0,1299,train_throughput,,374.7697740771126,0.0
0,1299,train_top_1,,0.000390625,0.0
0,1299,train_top_5,,0.005078125,0.0
0,1319,train_loss,,7.077062606811523,0.0
0,1319,train_throughput,,375.0469616511343,0.0
0,1319,train_top_1,,0.000390625,0.0
0,1319,train_top_5,,0.004296875,0.0
0,1339,train_loss,,7.028382301330566,0.0
0,1339,train_throughput,,374.13557438445036,0.0
0,1339,train_top_1,,0.00078125,0.0
0,1339,train_top_5,,0.00703125,0.0
0,1359,train_loss,,7.045642852783203,0.0
0,1359,train_throughput,,374.98826971883193,0.0
0,1359,train_top_1,,0.001171875,0.0
0,1359,train_top_5,,0.005859375,0.0
0,1379,train_loss,,7.070981979370117,0.0
0,1379,train_throughput,,374.72739757125936,0.0
0,1379,train_top_1,,0.001953125,0.0
0,1379,train_top_5,,0.00625,0.0
0,1399,train_loss,,7.1300153732299805,0.0
0,1399,train_throughput,,375.0874057248398,0.0
0,1399,train_top_1,,0.001171875,0.0
0,1399,train_top_5,,0.005859375,0.0
0,1419,train_loss,,7.12139892578125,0.0
0,1419,train_throughput,,375.14755735765954,0.0
0,1419,train_top_1,,0.000390625,0.0
0,1419,train_top_5,,0.00390625,0.0
0,1439,train_loss,,7.080222129821777,0.0
0,1439,train_throughput,,374.84447946316624,0.0
0,1439,train_top_1,,0.00078125,0.0
0,1439,train_top_5,,0.006640625,0.0
0,1459,train_loss,,7.10389518737793,0.0
0,1459,train_throughput,,375.2835658973251,0.0
0,1459,train_top_1,,0.0015625,0.0
0,1459,train_top_5,,0.00703125,0.0
0,1479,train_loss,,7.077590465545654,0.0
0,1479,train_throughput,,374.6959745184557,0.0
0,1479,train_top_1,,0.001171875,0.0
0,1479,train_top_5,,0.006640625,0.0
0,1499,train_loss,,7.14431095123291,0.0
0,1499,train_throughput,,373.85138800631046,0.0
0,1499,train_top_1,,0.003125,0.0
0,1499,train_top_5,,0.009375,0.0
0,1519,train_loss,,7.02458381652832,0.0
0,1519,train_throughput,,374.6761923368949,0.0
0,1519,train_top_1,,0.0015625,0.0
0,1519,train_top_5,,0.00546875,0.0
0,1539,train_loss,,7.196778774261475,0.0
0,1539,train_throughput,,373.6835880468229,0.0
0,1539,train_top_1,,0.0015625,0.0
0,1539,train_top_5,,0.005078125,0.0
0,1559,train_loss,,7.0844316482543945,0.0
0,1559,train_throughput,,374.51598528363326,0.0
0,1559,train_top_1,,0.001171875,0.0
0,1559,train_top_5,,0.00625,0.0
0,1579,train_loss,,7.076025485992432,0.0
0,1579,train_throughput,,374.1654823084675,0.0
0,1579,train_top_1,,0.00078125,0.0
0,1579,train_top_5,,0.0046875,0.0
0,1599,train_loss,,7.033972263336182,0.0
0,1599,train_throughput,,374.10451118949453,0.0
0,1599,train_top_1,,0.003125,0.0
0,1599,train_top_5,,0.00859375,0.0
0,1619,train_loss,,7.055210113525391,0.0
0,1619,train_throughput,,373.68758060445936,0.0
0,1619,train_top_1,,0.0015625,0.0
0,1619,train_top_5,,0.00703125,0.0
0,1639,train_loss,,7.090737342834473,0.0
0,1639,train_throughput,,374.0387258696593,0.0
0,1639,train_top_1,,0.00078125,0.0
0,1639,train_top_5,,0.00546875,0.0
0,1659,train_loss,,7.083624839782715,0.0
0,1659,train_throughput,,373.99780416772046,0.0
0,1659,train_top_1,,0.003515625,0.0
0,1659,train_top_5,,0.0078125,0.0
0,1679,train_loss,,7.068622589111328,0.0
0,1679,train_throughput,,373.30633199807727,0.0
0,1679,train_top_1,,0.0015625,0.0
0,1679,train_top_5,,0.00625,0.0
0,1699,train_loss,,7.074490547180176,0.0
0,1699,train_throughput,,373.4130862817021,0.0
0,1699,train_top_1,,0.001953125,0.0
0,1699,train_top_5,,0.00703125,0.0
0,1719,train_loss,,7.012146472930908,0.0
0,1719,train_throughput,,373.79701249057234,0.0
0,1719,train_top_1,,0.001953125,0.0
0,1719,train_top_5,,0.006640625,0.0
0,1739,train_loss,,7.0371294021606445,0.0
0,1739,train_throughput,,373.681403230553,0.0
0,1739,train_top_1,,0.0015625,0.0
0,1739,train_top_5,,0.00859375,0.0
0,1759,train_loss,,6.9260663986206055,0.0
0,1759,train_throughput,,373.9954723824315,0.0
0,1759,train_top_1,,0.0015625,0.0
0,1759,train_top_5,,0.003515625,0.0
0,1779,train_loss,,7.1293487548828125,0.0
0,1779,train_throughput,,374.26921927595794,0.0
0,1779,train_top_1,,0.001953125,0.0
0,1779,train_top_5,,0.00625,0.0
0,1799,train_loss,,6.941983699798584,0.0
0,1799,train_throughput,,373.9841134866786,0.0
0,1799,train_top_1,,0.00234375,0.0
0,1799,train_top_5,,0.0125,0.0
0,1819,train_loss,,7.047518730163574,0.0
0,1819,train_throughput,,374.23822519076185,0.0
0,1819,train_top_1,,0.001171875,0.0
0,1819,train_top_5,,0.006640625,0.0
0,1839,train_loss,,7.016475677490234,0.0
0,1839,train_throughput,,375.094232423326,0.0
0,1839,train_top_1,,0.000390625,0.0
0,1839,train_top_5,,0.004296875,0.0
0,1859,train_loss,,7.014941692352295,0.0
0,1859,train_throughput,,374.3965497582818,0.0
0,1859,train_top_1,,0.0015625,0.0
0,1859,train_top_5,,0.003515625,0.0
0,1879,train_loss,,7.126602649688721,0.0
0,1879,train_throughput,,374.4558009408145,0.0
0,1879,train_top_1,,0.00234375,0.0
0,1879,train_top_5,,0.00703125,0.0
0,1899,train_loss,,7.139683723449707,0.0
0,1899,train_throughput,,374.9365873083549,0.0
0,1899,train_top_1,,0.001171875,0.0
0,1899,train_top_5,,0.00546875,0.0
0,1919,train_loss,,7.0441975593566895,0.0
0,1919,train_throughput,,374.3074471661233,0.0
0,1919,train_top_1,,0.000390625,0.0
0,1919,train_top_5,,0.004296875,0.0
0,1939,train_loss,,6.994781017303467,0.0
0,1939,train_throughput,,374.7010609555939,0.0
0,1939,train_top_1,,0.001171875,0.0
0,1939,train_top_5,,0.00390625,0.0
0,1959,train_loss,,7.022197246551514,0.0
0,1959,train_throughput,,374.7067098085476,0.0
0,1959,traiepoch,iter,legend,note,value,rank
0,0,cfg,"Namespace(batch_size_per_device=128, channel_last=None, ctrl_port=50051, decay_rate=0.9, dtype='float32', epsilon=1.0, fuse_bn_add_relu=True, fuse_bn_relu=True, gpu_image_decoder=True, gpu_num_per_node=1, gradient_clipping=0.0, image_path='test_img/tiger.jpg', image_shape=[3, 224, 224], image_size=224, label_smoothing=0.1, learning_rate=0.001, log_dir='./logs_bs128_fp32_1', loss_print_every_n_iter=20, lr_decay='cosine', lr_decay_epochs=2, lr_decay_rate=0.94, model='resnet50', model_load_dir=None, model_save_dir='./output/snapshots/model_save-20201217163822', momentum=0.875, nccl_fusion_max_ops=24, nccl_fusion_threshold_mb=16, node_ips=['10.127.12.17'], num_classes=1000, num_epochs=2, num_examples=1281167, num_nodes=1, num_val_examples=50000, optimizer='sgd', pad_output=True, resize_shorter=256, rgb_mean=[123.68, 116.779, 103.939], rgb_std=[58.393, 57.12, 57.375], train_data_dir='./ofrecord/train', train_data_part_num=256, use_fp16=None, use_xla=None, val_batch_size_per_device=125, val_data_dir='./ofrecord/validation', val_data_part_num=256, warmup_epochs=5, wd=3.0517578125e-05)",,
0,19,train_loss,,7.014228820800781,0.0
0,19,train_throughput,,321.9619622320975,0.0
0,19,train_top_1,,0.0015625,0.0
0,19,train_top_5,,0.005859375,0.0
0,39,train_loss,,7.028404235839844,0.0
0,39,train_throughput,,381.9089224847207,0.0
0,39,train_top_1,,0.001953125,0.0
0,39,train_top_5,,0.006640625,0.0
0,59,train_loss,,7.054302215576172,0.0
0,59,train_throughput,,381.23343117600376,0.0
0,59,train_top_1,,0.002734375,0.0
0,59,train_top_5,,0.00625,0.0
0,79,train_loss,,7.142945766448975,0.0
0,79,train_throughput,,380.74975028122503,0.0
0,79,train_top_1,,0.003515625,0.0
0,79,train_top_5,,0.006640625,0.0
0,99,train_loss,,7.09207820892334,0.0
0,99,train_throughput,,380.316564636563,0.0
0,99,train_top_1,,0.001171875,0.0
0,99,train_top_5,,0.005859375,0.0
0,119,train_loss,,7.058539390563965,0.0
0,119,train_throughput,,380.0705600394292,0.0
0,119,train_top_1,,0.001953125,0.0
0,119,train_top_5,,0.005078125,0.0
0,139,train_loss,,7.041216850280762,0.0
0,139,train_throughput,,379.79023888324724,0.0
0,139,train_top_1,,0.003125,0.0
0,139,train_top_5,,0.0078125,0.0
0,159,train_loss,,7.140782833099365,0.0
0,159,train_throughput,,379.14245603697196,0.0
0,159,train_top_1,,0.00078125,0.0
0,159,train_top_5,,0.005078125,0.0
0,179,train_loss,,7.165624618530273,0.0
0,179,train_throughput,,378.96224999021484,0.0
0,179,train_top_1,,0.00078125,0.0
0,179,train_top_5,,0.00703125,0.0
0,199,train_loss,,7.07219123840332,0.0
0,199,train_throughput,,378.07473898207877,0.0
0,199,train_top_1,,0.0,0.0
0,199,train_top_5,,0.002734375,0.0
0,219,train_loss,,7.033548831939697,0.0
0,219,train_throughput,,377.9878158682095,0.0
0,219,train_top_1,,0.0015625,0.0
0,219,train_top_5,,0.0078125,0.0
0,239,train_loss,,7.220338344573975,0.0
0,239,train_throughput,,378.06506113521436,0.0
0,239,train_top_1,,0.001953125,0.0
0,239,train_top_5,,0.0078125,0.0
0,259,train_loss,,7.116030693054199,0.0
0,259,train_throughput,,377.5840303613982,0.0
0,259,train_top_1,,0.00078125,0.0
0,259,train_top_5,,0.005078125,0.0
0,279,train_loss,,7.061017990112305,0.0
0,279,train_throughput,,377.4744403474753,0.0
0,279,train_top_1,,0.00234375,0.0
0,279,train_top_5,,0.0078125,0.0
0,299,train_loss,,7.090991020202637,0.0
0,299,train_throughput,,377.38372099562156,0.0
0,299,train_top_1,,0.00078125,0.0
0,299,train_top_5,,0.0078125,0.0
0,319,train_loss,,7.143699645996094,0.0
0,319,train_throughput,,376.82123573249186,0.0
0,319,train_top_1,,0.0015625,0.0
0,319,train_top_5,,0.007421875,0.0
0,339,train_loss,,7.136218070983887,0.0
0,339,train_throughput,,377.60594006536616,0.0
0,339,train_top_1,,0.00234375,0.0
0,339,train_top_5,,0.00625,0.0
0,359,train_loss,,7.088518142700195,0.0
0,359,train_throughput,,377.2840834623751,0.0
0,359,train_top_1,,0.003515625,0.0
0,359,train_top_5,,0.005859375,0.0
0,379,train_loss,,7.132174015045166,0.0
0,379,train_throughput,,376.56723707875307,0.0
0,379,train_top_1,,0.001171875,0.0
0,379,train_top_5,,0.00625,0.0
0,399,train_loss,,6.996294021606445,0.0
0,399,train_throughput,,377.5618576740423,0.0
0,399,train_top_1,,0.001953125,0.0
0,399,train_top_5,,0.00390625,0.0
0,419,train_loss,,7.069241523742676,0.0
0,419,train_throughput,,376.6862777730846,0.0
0,419,train_top_1,,0.00234375,0.0
0,419,train_top_5,,0.005859375,0.0
0,439,train_loss,,7.115680694580078,0.0
0,439,train_throughput,,377.1709180197531,0.0
0,439,train_top_1,,0.0015625,0.0
0,439,train_top_5,,0.00703125,0.0
0,459,train_loss,,7.181355953216553,0.0
0,459,train_throughput,,376.67907585913036,0.0
0,459,train_top_1,,0.00078125,0.0
0,459,train_top_5,,0.003125,0.0
0,479,train_loss,,7.119586944580078,0.0
0,479,train_throughput,,376.68281553420536,0.0
0,479,train_top_1,,0.001171875,0.0
0,479,train_top_5,,0.00390625,0.0
0,499,train_loss,,7.091961860656738,0.0
0,499,train_throughput,,377.2540990748658,0.0
0,499,train_top_1,,0.0015625,0.0
0,499,train_top_5,,0.003515625,0.0
