epoch,iter,legend,note,value,rank
0,0,cfg,"Namespace(batch_size_per_device=128, channel_last=None, ctrl_port=50051, decay_rate=0.9, dtype='float32', epsilon=1.0, fuse_bn_add_relu=True, fuse_bn_relu=True, gpu_image_decoder=True, gpu_num_per_node=8, gradient_clipping=0.0, image_path='test_img/tiger.jpg', image_shape=[3, 224, 224], image_size=224, label_smoothing=0.1, learning_rate=0.001, log_dir='./logs_bs128_fp32_1', loss_print_every_n_iter=20, lr_decay='cosine', lr_decay_epochs=2, lr_decay_rate=0.94, model='resnet50', model_load_dir=None, model_save_dir='./output/snapshots/model_save-20201217115508', momentum=0.875, nccl_fusion_max_ops=24, nccl_fusion_threshold_mb=16, node_ips=['1'], num_classes=1000, num_epochs=2, num_examples=1281167, num_nodes=1, num_val_examples=50000, optimizer='sgd', pad_output=True, resize_shorter=256, rgb_mean=[123.68, 116.779, 103.939], rgb_std=[58.393, 57.12, 57.375], train_data_dir='./ofrecord/train', train_data_part_num=256, use_fp16=None, use_xla=None, val_batch_size_per_device=125, val_data_dir='./ofrecord/validation', val_data_part_num=256, warmup_epochs=5, wd=3.0517578125e-05)",,
0,19,train_loss,,7.118808746337891,0.0
0,19,train_throughput,,2341.7783005517317,0.0
0,19,train_top_1,,0.0013671875,0.0
0,19,train_top_5,,0.005712890625,0.0
0,39,train_loss,,7.108420372009277,0.0
0,39,train_throughput,,2997.6523185394517,0.0
0,39,train_top_1,,0.00107421875,0.0
0,39,train_top_5,,0.0048828125,0.0
0,59,train_loss,,7.1308183670043945,0.0
0,59,train_throughput,,2995.664376459744,0.0
0,59,train_top_1,,0.001171875,0.0
0,59,train_top_5,,0.00595703125,0.0
0,79,train_loss,,7.089900970458984,0.0
0,79,train_throughput,,2992.499635166577,0.0
0,79,train_top_1,,0.00087890625,0.0
0,79,train_top_5,,0.005322265625,0.0
0,99,train_loss,,7.0970587730407715,0.0
0,99,train_throughput,,2988.918540841308,0.0
0,99,train_top_1,,0.001708984375,0.0
0,99,train_top_5,,0.0056640625,0.0
0,119,train_loss,,7.116644859313965,0.0
0,119,train_throughput,,2989.3829783028305,0.0
0,119,train_top_1,,0.001025390625,0.0
0,119,train_top_5,,0.00537109375,0.0
0,139,train_loss,,7.122130393981934,0.0
0,139,train_throughput,,2983.0225110177334,0.0
0,139,train_top_1,,0.00166015625,0.0
0,139,train_top_5,,0.006787109375,0.0
0,159,train_loss,,7.107384204864502,0.0
0,159,train_throughput,,2982.374791818065,0.0
0,159,train_top_1,,0.00146484375,0.0
0,159,train_top_5,,0.006298828125,0.0
0,179,train_loss,,7.116138458251953,0.0
0,179,train_throughput,,2980.5641421593496,0.0
0,179,train_top_1,,0.0009765625,0.0
0,179,train_top_5,,0.005419921875,0.0
0,199,train_loss,,7.101995468139648,0.0
0,199,train_throughput,,2980.7139027245807,0.0
0,199,train_top_1,,0.00126953125,0.0
0,199,train_top_5,,0.00556640625,0.0
0,219,train_loss,,7.109599590301514,0.0
0,219,train_throughput,,2981.43002412443,0.0
0,219,train_top_1,,0.001318359375,0.0
0,219,train_top_5,,0.005712890625,0.0
0,239,train_loss,,7.103011608123779,0.0
0,239,train_throughput,,2981.7711355552638,0.0
0,239,train_top_1,,0.00146484375,0.0
0,239,train_top_5,,0.005908203125,0.0
0,259,train_loss,,7.09269905090332,0.0
0,259,train_throughput,,2974.3927048914243,0.0
0,259,train_top_1,,0.00166015625,0.0
0,259,train_top_5,,0.005859375,0.0
0,279,train_loss,,7.086008071899414,0.0
0,279,train_throughput,,2977.942978717946,0.0
0,279,train_top_1,,0.001025390625,0.0
0,279,train_top_5,,0.005419921875,0.0
0,299,train_loss,,7.104915618896484,0.0
0,299,train_throughput,,2970.564453387944,0.0
0,299,train_top_1,,0.001416015625,0.0
0,299,train_top_5,,0.005517578125,0.0
0,319,train_loss,,7.093233585357666,0.0
0,319,train_throughput,,2970.813692007001,0.0
0,319,train_top_1,,0.00146484375,0.0
0,319,train_top_5,,0.006689453125,0.0
0,339,train_loss,,7.0826616287231445,0.0
0,339,train_throughput,,2970.2025873393163,0.0
0,339,train_top_1,,0.001123046875,0.0
0,339,train_top_5,,0.004931640625,0.0
0,359,train_loss,,7.076521396636963,0.0
0,359,train_throughput,,2965.959739224205,0.0
0,359,train_top_1,,0.001025390625,0.0
0,359,train_top_5,,0.005908203125,0.0
0,379,train_loss,,7.116111755371094,0.0
0,379,train_throughput,,2960.3801253522024,0.0
0,379,train_top_1,,0.00087890625,0.0
0,379,train_top_5,,0.004150390625,0.0
0,399,train_loss,,7.086397171020508,0.0
0,399,train_throughput,,2966.0169872924366,0.0
0,399,train_top_1,,0.001220703125,0.0
0,399,train_top_5,,0.005078125,0.0
0,419,train_loss,,7.1134161949157715,0.0
0,419,train_throughput,,2965.4600645978094,0.0
0,419,train_top_1,,0.00126953125,0.0
0,419,train_top_5,,0.005419921875,0.0
0,439,train_loss,,7.078146457672119,0.0
0,439,train_throughput,,2960.822672394782,0.0
0,439,train_top_1,,0.001123046875,0.0
0,439,train_top_5,,0.00556640625,0.0
0,459,train_loss,,7.109326362609863,0.0
0,459,train_throughput,,2949.604977240482,0.0
0,459,train_top_1,,0.00126953125,0.0
0,459,train_top_5,,0.005224609375,0.0
0,479,train_loss,,7.091092586517334,0.0
0,479,train_throughput,,2959.701612946295,0.0
0,479,train_top_1,,0.001708984375,0.0
0,479,train_top_5,,0.00556640625,0.0
0,499,train_loss,,7.052886486053467,0.0
0,499,train_throughput,,2951.6077956163376,0.0
0,499,train_top_1,,0.001513671875,0.0
0,499,train_top_5,,0.00634765625,0.0
0,519,train_loss,,7.106165885925293,0.0
0,519,train_throughput,,2958.00893284177,0.0
0,519,train_top_1,,0.001416015625,0.0
0,519,train_top_5,,0.005126953125,0.0
0,539,train_loss,,7.093570709228516,0.0
0,539,train_throughput,,2959.45046272859,0.0
0,539,train_top_1,,0.001220703125,0.0
0,539,train_top_5,,0.00595703125,0.0
0,559,train_loss,,7.051270484924316,0.0
0,559,train_throughput,,2960.419303335315,0.0
0,559,train_top_1,,0.0009765625,0.0
0,559,train_top_5,,0.00546875,0.0
0,579,train_loss,,7.102899551391602,0.0
0,579,train_throughput,,2952.977816161052,0.0
0,579,train_top_1,,0.001708984375,0.0
0,579,train_top_5,,0.006005859375,0.0
0,599,train_loss,,7.093588352203369,0.0
0,599,train_throughput,,2956.369875043034,0.0
0,599,train_top_1,,0.00146484375,0.0
0,599,train_top_5,,0.006640625,0.0
0,619,train_loss,,7.046937942504883,0.0
0,619,train_throughput,,2957.5007324087705,0.0
0,619,train_top_1,,0.00166015625,0.0
0,619,train_top_5,,0.00556640625,0.0
0,639,train_loss,,7.05780029296875,0.0
0,639,train_throughput,,2956.6293562900773,0.0
0,639,train_top_1,,0.0017578125,0.0
0,639,train_top_5,,0.00693359375,0.0
0,659,train_loss,,7.0568413734436035,0.0
0,659,train_throughput,,2955.731643261326,0.0
0,659,train_top_1,,0.00146484375,0.0
0,659,train_top_5,,0.005615234375,0.0
0,679,train_loss,,7.06150484085083,0.0
0,679,train_throughput,,2952.3300891022755,0.0
0,679,train_top_1,,0.001171875,0.0
0,679,train_top_5,,0.0060546875,0.0
0,699,train_loss,,7.058683395385742,0.0
0,699,train_throughput,,2956.5778634476733,0.0
0,699,train_top_1,,0.001416015625,0.0
0,699,train_top_5,,0.0052734375,0.0
0,719,train_loss,,7.038971900939941,0.0
0,719,train_throughput,,2954.942017163356,0.0
0,719,train_top_1,,0.001220703125,0.0
0,719,train_top_5,,0.0060546875,0.0
0,739,train_loss,,7.0594964027404785,0.0
0,739,train_throughput,,2958.876128308317,0.0
0,739,train_top_1,,0.001123046875,0.0
0,739,train_top_5,,0.005322265625,0.0
0,759,train_loss,,7.048525333404541,0.0
0,759,train_throughput,,2961.8920862433683,0.0
0,759,train_top_1,,0.001025390625,0.0
0,759,train_top_5,,0.005712890625,0.0
0,779,train_loss,,7.05491828918457,0.0
0,779,train_throughput,,2959.514291427624,0.0
0,779,train_top_1,,0.0013671875,0.0
0,779,train_top_5,,0.00576171875,0.0
0,799,train_loss,,7.056366443634033,0.0
0,799,train_throughput,,2957.576289436473,0.0
0,799,train_top_1,,0.00146484375,0.0
0,799,train_top_5,,0.005517578125,0.0
0,819,train_loss,,7.046929359436035,0.0
0,819,train_throughput,,2957.6732361829554,0.0
0,819,train_top_1,,0.00107421875,0.0
0,819,train_top_5,,0.0064453125,0.0
0,839,train_loss,,7.080908298492432,0.0
0,839,train_throughput,,2957.025992697364,0.0
0,839,train_top_1,,0.00126953125,0.0
0,839,train_top_5,,0.00576171875,0.0
0,859,train_loss,,7.022957801818848,0.0
0,859,train_throughput,,2960.376044371929,0.0
0,859,train_top_1,,0.00126953125,0.0
0,859,train_top_5,,0.005419921875,0.0
0,879,train_loss,,7.028690338134766,0.0
0,879,train_throughput,,2959.568843695917,0.0
0,879,train_top_1,,0.001806640625,0.0
0,879,train_top_5,,0.00576171875,0.0
0,899,train_loss,,7.0547709465026855,0.0
0,899,train_throughput,,2961.294548559964,0.0
0,899,train_top_1,,0.001904296875,0.0
0,899,train_top_5,,0.00576171875,0.0
0,919,train_loss,,7.041353702545166,0.0
0,919,train_throughput,,2959.3794998672574,0.0
0,919,train_top_1,,0.00166015625,0.0
0,919,train_top_5,,0.0060546875,0.0
0,939,train_loss,,7.034403324127197,0.0
0,939,train_throughput,,2958.942684223745,0.0
0,939,train_top_1,,0.00107421875,0.0
0,939,train_top_5,,0.004833984375,0.0
0,959,train_loss,,7.029541969299316,0.0
0,959,train_throughput,,2960.3699229226154,0.0
0,959,train_top_1,,0.001318359375,0.0
0,959,train_top_5,,0.00595703125,0.0
0,979,train_loss,,7.058950901031494,0.0
0,979,train_throughput,,2958.352347062351,0.0
0,979,train_top_1,,0.0015625,0.0
0,979,train_top_5,,0.00625,0.0
0,999,train_loss,,7.048146724700928,0.0
0,999,train_throughput,,2962.0216934741443,0.0
0,999,train_top_1,,0.001123046875,0.0
0,999,train_top_5,,0.005712890625,0.0
0,1019,train_loss,,7.03059196472168,0.0
0,1019,train_throughput,,2958.0253325978733,0.0
0,1019,train_top_1,,0.00185546875,0.0
0,1019,train_top_5,,0.0060546875,0.0
0,1039,train_loss,,7.0333333015441895,0.0
0,1039,train_throughput,,2959.0803921090405,0.0
0,1039,train_top_1,,0.001416015625,0.0
0,1039,train_top_5,,0.006689453125,0.0
0,1059,train_loss,,7.028474807739258,0.0
0,1059,train_throughput,,2958.8263916923515,0.0
0,1059,train_top_1,,0.001416015625,0.0
0,1059,train_top_5,,0.00537109375,0.0
0,1079,train_loss,,7.014081001281738,0.0
0,1079,train_throughput,,2959.464533355383,0.0
0,1079,train_top_1,,0.001806640625,0.0
0,1079,train_top_5,,0.006201171875,0.0
0,1099,train_loss,,7.04019832611084,0.0
0,1099,train_throughput,,2959.170913229834,0.0
0,1099,train_top_1,,0.00185546875,0.0
0,1099,train_top_5,,0.006591796875,0.0
0,1119,train_loss,,7.033858299255371,0.0
0,1119,train_throughput,,2961.7356330506423,0.0
0,1119,train_top_1,,0.0015625,0.0
0,1119,train_top_5,,0.005859375,0.0
0,1139,train_loss,,7.01469612121582,0.0
0,1139,train_throughput,,2961.4589188565456,0.0
0,1139,train_top_1,,0.00166015625,0.0
0,1139,train_top_5,,0.006494140625,0.0
0,1159,train_loss,,7.027137279510498,0.0
0,1159,train_throughput,,2959.275406769971,0.0
0,1159,train_top_1,,0.0013671875,0.0
0,1159,train_top_5,,0.005615234375,0.0
0,1179,train_loss,,7.026374340057373,0.0
0,1179,train_throughput,,2960.0390962459733,0.0
0,1179,train_top_1,,0.00166015625,0.0
0,1179,train_top_5,,0.0064453125,0.0
0,1199,train_loss,,6.995594501495361,0.0
0,1199,train_throughput,,2961.6124837433304,0.0
0,1199,train_top_1,,0.001708984375,0.0
0,1199,train_top_5,,0.00595703125,0.0
0,1219,train_loss,,7.019140243530273,0.0
0,1219,train_throughput,,2954.8945473008603,0.0
0,1219,train_top_1,,0.00166015625,0.0
0,1219,train_top_5,,0.006201171875,0.0
0,1239,train_loss,,7.02680778503418,0.0
0,1239,train_throughput,,2956.7789602956636,0.0
0,1239,train_top_1,,0.00146484375,0.0
0,1239,train_top_5,,0.006396484375,0.0
0,49,validation_throughput,,3184.983881838828,0.0
0,49,validation_top_1,,0.0014,0.0
0,49,validation_top_5,,0.00624,0.0
1,19,train_loss,,7.02278995513916,0.0
1,19,train_throughput,,2746.091063694485,0.0
1,19,train_top_1,,0.001806640625,0.0
1,19,train_top_5,,0.0060546875,0.0
1,39,train_loss,,7.019369602203369,0.0
1,39,train_throughput,,2963.1771185515136,0.0
1,39,train_top_1,,0.0017578125,0.0
1,39,train_top_5,,0.005810546875,0.0
1,59,train_loss,,7.000939846038818,0.0
1,59,train_throughput,,2965.861224466684,0.0
1,59,train_top_1,,0.002099609375,0.0
1,59,train_top_5,,0.00625,0.0
1,79,train_loss,,6.974589824676514,0.0
1,79,train_throughput,,2965.176717420822,0.0
1,79,train_top_1,,0.001708984375,0.0
1,79,train_top_5,,0.006103515625,0.0
1,99,train_loss,,6.998699188232422,0.0
1,99,train_throughput,,2964.5290507767986,0.0
1,99,train_top_1,,0.002001953125,0.0
1,99,train_top_5,,0.0064453125,0.0
1,119,train_loss,,6.9931159019470215,0.0
1,119,train_throughput,,2965.2658717668432,0.0
1,119,train_top_1,,0.00078125,0.0
1,119,train_top_5,,0.00556640625,0.0
1,139,train_loss,,6.993022441864014,0.0
1,139,train_throughput,,2969.183919634675,0.0
1,139,train_top_1,,0.00146484375,0.0
1,139,train_top_5,,0.006689453125,0.0
1,159,train_loss,,6.998181343078613,0.0
1,159,train_throughput,,2964.8809394498708,0.0
1,159,train_top_1,,0.0013671875,0.0
1,159,train_top_5,,0.007080078125,0.0
1,179,train_loss,,6.993466377258301,0.0
1,179,train_throughput,,2960.79817936066,0.0
1,179,train_top_1,,0.00185546875,0.0
1,179,train_top_5,,0.006787109375,0.0
1,199,train_loss,,6.9974284172058105,0.0
1,199,train_throughput,,2960.3642095927626,0.0
1,199,train_top_1,,0.001708984375,0.0
1,199,train_top_5,,0.006494140625,0.0
1,219,train_loss,,6.972585201263428,0.0
1,219,train_throughput,,2959.8491823035642,0.0
1,219,train_top_1,,0.0017578125,0.0
1,219,train_top_5,,0.006103515625,0.0
1,239,train_loss,,7.009023189544678,0.0
1,239,train_throughput,,2963.1776296392322,0.0
1,239,train_top_1,,0.0015625,0.0
1,239,train_top_5,,0.00693359375,0.0
1,259,train_loss,,6.974247932434082,0.0
1,259,train_throughput,,2959.976264875717,0.0
1,259,train_top_1,,0.001708984375,0.0
1,259,train_top_5,,0.007177734375,0.0
1,279,train_loss,,6.982611179351807,0.0
1,279,train_throughput,,2960.6698016687687,0.0
1,279,train_top_1,,0.001611328125,0.0
1,279,train_top_5,,0.006298828125,0.0
1,299,train_loss,,6.962251663208008,0.0
1,299,train_throughput,,2962.693197608071,0.0
1,299,train_top_1,,0.001513671875,0.0
1,299,train_top_5,,0.006494140625,0.0
1,319,train_loss,,7.002484321594238,0.0
1,319,train_throughput,,2957.763976763574,0.0
1,319,train_top_1,,0.0015625,0.0
1,319,train_top_5,,0.006884765625,0.0
1,339,train_loss,,6.972940921783447,0.0
1,339,train_throughput,,2961.3517187674906,0.0
1,339,train_top_1,,0.001708984375,0.0
1,339,train_top_5,,0.00751953125,0.0
1,359,train_loss,,6.968815803527832,0.0
1,359,train_throughput,,2955.4503554016324,0.0
1,359,train_top_1,,0.001416015625,0.0
1,359,train_top_5,,0.00615234375,0.0
1,379,train_loss,,6.9520344734191895,0.0
1,379,train_throughput,,2957.720082476601,0.0
1,379,train_top_1,,0.00205078125,0.0
1,379,train_top_5,,0.007373046875,0.0
1,399,train_loss,,6.974369049072266,0.0
1,399,train_throughput,,2958.601680491662,0.0
1,399,train_top_1,,0.001806640625,0.0
1,399,train_top_5,,0.006494140625,0.0
1,419,train_loss,,6.941107273101807,0.0
1,419,train_throughput,,2959.2532841071525,0.0
1,419,train_top_1,,0.00166015625,0.0
1,419,train_top_5,,0.00751953125,0.0
1,439,train_loss,,6.948513031005859,0.0
1,439,train_throughput,,2963.3751271302785,0.0
1,439,train_top_1,,0.002099609375,0.0
1,439,train_top_5,,0.007763671875,0.0
1,459,train_loss,,6.965434551239014,0.0
1,459,train_throughput,,2955.326914800648,0.0
1,459,train_top_1,,0.002099609375,0.0
1,459,train_top_5,,0.008251953125,0.0
1,479,train_loss,,6.949952125549316,0.0
1,479,train_throughput,,2960.2129163998493,0.0
1,479,train_top_1,,0.00185546875,0.0
1,479,train_top_5,,0.008203125,0.0
1,499,train_loss,,6.950132369995117,0.0
1,499,train_throughput,,2960.089485668302,0.0
1,499,train_top_1,,0.001708984375,0.0
1,499,train_top_5,,0.00810546875,0.0
1,519,train_loss,,6.944759368896484,0.0
1,519,train_throughput,,2957.5568397517395,0.0
1,519,train_top_1,,0.001025390625,0.0
1,519,train_top_5,,0.006201171875,0.0
1,539,train_loss,,6.938961029052734,0.0
1,539,train_throughput,,2960.2009809126234,0.0
1,539,train_top_1,,0.002197265625,0.0
1,539,train_top_5,,0.007763671875,0.0
1,559,train_loss,,6.931216239929199,0.0
1,559,train_throughput,,2954.864256836693,0.0
1,559,train_top_1,,0.001416015625,0.0
1,559,train_top_5,,0.007568359375,0.0
1,579,train_loss,,6.951506614685059,0.0
1,579,train_throughput,,2962.466570517398,0.0
1,579,train_top_1,,0.00166015625,0.0
1,579,train_top_5,,0.007958984375,0.0
1,599,train_loss,,6.941183567047119,0.0
1,599,train_throughput,,2954.125077438903,0.0
1,599,train_top_1,,0.00146484375,0.0
1,599,train_top_5,,0.007080078125,0.0
1,619,train_loss,,6.9600019454956055,0.0
1,619,train_throughput,,2963.5546559712925,0.0
1,619,train_top_1,,0.00234375,0.0
1,619,train_top_5,,0.008447265625,0.0
1,639,train_loss,,6.9563703536987305,0.0
1,639,train_throughput,,2953.806817843811,0.0
1,639,train_top_1,,0.0021484375,0.0
1,639,train_top_5,,0.00791015625,0.0
1,659,train_loss,,6.952154159545898,0.0
1,659,train_throughput,,2961.1670465308716,0.0
1,659,train_top_1,,0.0025390625,0.0
1,659,train_top_5,,0.0083984375,0.0
1,679,train_loss,,6.927578449249268,0.0
1,679,train_throughput,,2958.292338057488,0.0
1,679,train_top_1,,0.001708984375,0.0
1,679,train_top_5,,0.008251953125,0.0
1,699,train_loss,,6.937285423278809,0.0
1,699,train_throughput,,2957.167085343666,0.0
1,699,train_top_1,,0.00283203125,0.0
1,699,train_top_5,,0.00869140625,0.0
1,719,train_loss,,6.942140102386475,0.0
1,719,train_throughput,,2955.384973304654,0.0
1,719,train_top_1,,0.00205078125,0.0
1,719,train_top_5,,0.00791015625,0.0
1,739,train_loss,,6.928378582000732,0.0
1,739,train_throughput,,2951.6434962033295,0.0
1,739,train_top_1,,0.001904296875,0.0
1,739,train_top_5,,0.008154296875,0.0
1,759,train_loss,,6.9201555252075195,0.0
1,759,train_throughput,,2960.901256948347,0.0
1,759,train_top_1,,0.002490234375,0.0
1,759,train_top_5,,0.009423828125,0.0
1,779,train_loss,,6.928587436676025,0.0
1,779,train_throughput,,2958.0857382368968,0.0
1,779,train_top_1,,0.0021484375,0.0
1,779,train_top_5,,0.00986328125,0.0
1,799,train_loss,,6.901558876037598,0.0
1,799,train_throughput,,2955.623433640983,0.0
1,799,train_top_1,,0.002880859375,0.0
1,799,train_top_5,,0.010302734375,0.0
1,819,train_loss,,6.899783134460449,0.0
1,819,train_throughput,,2952.0333176096556,0.0
1,819,train_top_1,,0.00244140625,0.0
1,819,train_top_5,,0.00908203125,0.0
1,839,train_loss,,6.903115272521973,0.0
1,839,train_throughput,,2957.2658378455794,0.0
1,839,train_top_1,,0.0021484375,0.0
1,839,train_top_5,,0.009716796875,0.0
1,859,train_loss,,6.909631729125977,0.0
1,859,train_throughput,,2957.1575158641176,0.0
1,859,train_top_1,,0.002734375,0.0
1,859,train_top_5,,0.01083984375,0.0
1,879,train_loss,,6.905391216278076,0.0
1,879,train_throughput,,2955.1457381296414,0.0
1,879,train_top_1,,0.0025390625,0.0
1,879,train_top_5,,0.01044921875,0.0
1,899,train_loss,,6.929710388183594,0.0
1,899,train_throughput,,2952.239174298813,0.0
1,899,train_top_1,,0.003125,0.0
1,899,train_top_5,,0.010888671875,0.0
1,919,train_loss,,6.920899391174316,0.0
1,919,train_throughput,,2953.5464100057698,0.0
1,919,train_top_1,,0.003369140625,0.0
1,919,train_top_5,,0.011083984375,0.0
1,939,train_loss,,6.903010845184326,0.0
1,939,train_throughput,,2957.093177992615,0.0
1,939,train_top_1,,0.002587890625,0.0
1,939,train_top_5,,0.01015625,0.0
1,959,train_loss,,6.9132890701293945,0.0
1,959,train_throughput,,2956.8506127456926,0.0
1,959,train_top_1,,0.00302734375,0.0
1,959,train_top_5,,0.010498046875,0.0
1,979,train_loss,,6.880080699920654,0.0
1,979,train_throughput,,2960.7598077552643,0.0
1,979,train_top_1,,0.00302734375,0.0
1,979,train_top_5,,0.011181640625,0.0
1,999,train_loss,,6.930936813354492,0.0
1,999,train_throughput,,2954.3873147341715,0.0
1,999,train_top_1,,0.003466796875,0.0
1,999,train_top_5,,0.0109375,0.0
1,1019,train_loss,,6.89865255355835,0.0
1,1019,train_throughput,,2960.754603172623,0.0
1,1019,train_top_1,,0.002734375,0.0
1,1019,train_top_5,,0.01064453125,0.0
1,1039,train_loss,,6.901301383972168,0.0
1,1039,train_throughput,,2955.8270451562626,0.0
1,1039,train_top_1,,0.00283203125,0.0
1,1039,train_top_5,,0.00986328125,0.0
1,1059,train_loss,,6.901272773742676,0.0
1,1059,train_throughput,,2957.959734664515,0.0
1,1059,train_top_1,,0.00322265625,0.0
1,1059,train_top_5,,0.011767578125,0.0
1,1079,train_loss,,6.915516376495361,0.0
1,1079,train_throughput,,2956.8226230940827,0.0
1,1079,train_top_1,,0.00283203125,0.0
1,1079,train_top_5,,0.0111328125,0.0
1,1099,train_loss,,6.907756805419922,0.0
1,1099,train_throughput,,2954.1927405680403,0.0
1,1099,train_top_1,,0.00400390625,0.0
1,1099,train_top_5,,0.0119140625,0.0
1,1119,train_loss,,6.9129486083984375,0.0
1,1119,train_throughput,,2955.988469423628,0.0
1,1119,train_top_1,,0.0033203125,0.0
1,1119,train_top_5,,0.011376953125,0.0
1,1139,train_loss,,6.901878356933594,0.0
1,1139,train_throughput,,2956.55445820314,0.0
1,1139,train_top_1,,0.002685546875,0.0
1,1139,train_top_5,,0.0125,0.0
1,1159,train_loss,,6.885619163513184,0.0
1,1159,train_throughput,,2960.500825431137,0.0
1,1159,train_top_1,,0.003173828125,0.0
1,1159,train_top_5,,0.011328125,0.0
1,1179,train_loss,,6.889775276184082,0.0
1,1179,train_throughput,,2957.5151918107813,0.0
1,1179,train_top_1,,0.00361328125,0.0
1,1179,train_top_5,,0.013525390625,0.0
1,1199,train_loss,,6.890458106994629,0.0
1,1199,train_throughput,,2954.5321189322767,0.0
1,1199,train_top_1,,0.00322265625,0.0
1,1199,train_top_5,,0.011669921875,0.0
1,1219,train_loss,,6.889485836029053,0.0
1,1219,train_throughput,,2954.8333571372946,0.0
1,1219,train_top_1,,0.00380859375,0.0
1,1219,train_top_5,,0.0130859375,0.0
1,1239,train_loss,,6.9032135009765625,0.0
1,1239,train_throughput,,2960.219547267674,0.0
1,1239,train_top_1,,0.0029296875,0.0
1,1239,train_top_5,,0.012255859375,0.0
1,49,validation_throughput,,3201.929287471064,0.0
1,49,validation_top_1,,0.00366,0.0
1,49,validation_top_5,,0.01356,0.0
