epoch,iter,legend,note,value,rank
0,0,cfg,"Namespace(batch_size_per_device=256, channel_last=True, ctrl_port=50051, decay_rate=0.9, dtype='float32', epsilon=1.0, fuse_bn_add_relu=True, fuse_bn_relu=True, gpu_image_decoder=True, gpu_num_per_node=8, gradient_clipping=0.0, image_path='test_img/tiger.jpg', image_shape=[3, 224, 224], image_size=224, label_smoothing=0.1, learning_rate=0.001, log_dir='./logs_bs256_amp_2', loss_print_every_n_iter=20, lr_decay='cosine', lr_decay_epochs=2, lr_decay_rate=0.94, model='resnet50', model_load_dir=None, model_save_dir='./output/snapshots/model_save-20201217091719', momentum=0.875, nccl_fusion_max_ops=24, nccl_fusion_threshold_mb=16, node_ips=[''], num_classes=1000, num_epochs=2, num_examples=1281167, num_nodes=1, num_val_examples=50000, optimizer='sgd', pad_output=True, resize_shorter=256, rgb_mean=[123.68, 116.779, 103.939], rgb_std=[58.393, 57.12, 57.375], train_data_dir='./ofrecord/train', train_data_part_num=256, use_fp16=True, use_xla=None, val_batch_size_per_device=125, val_data_dir='./ofrecord/validation', val_data_part_num=256, warmup_epochs=5, wd=3.0517578125e-05)",,
0,19,train_loss,,7.107242584228516,0.0
0,19,train_throughput,,5745.712616931828,0.0
0,19,train_top_1,,0.0007080078125,0.0
0,19,train_top_5,,0.0048095703125,0.0
0,39,train_loss,,7.084317207336426,0.0
0,39,train_throughput,,9925.098549237646,0.0
0,39,train_top_1,,0.000927734375,0.0
0,39,train_top_5,,0.0044921875,0.0
0,59,train_loss,,7.093430519104004,0.0
0,59,train_throughput,,9681.069001020465,0.0
0,59,train_top_1,,0.00078125,0.0
0,59,train_top_5,,0.004052734375,0.0
0,79,train_loss,,7.1014790534973145,0.0
0,79,train_throughput,,9715.886309917869,0.0
0,79,train_top_1,,0.0008056640625,0.0
0,79,train_top_5,,0.004345703125,0.0
0,99,train_loss,,7.090392112731934,0.0
0,99,train_throughput,,9885.238403787675,0.0
0,99,train_top_1,,0.00078125,0.0
0,99,train_top_5,,0.0041015625,0.0
0,119,train_loss,,7.096086025238037,0.0
0,119,train_throughput,,9750.746314638207,0.0
0,119,train_top_1,,0.000927734375,0.0
0,119,train_top_5,,0.00478515625,0.0
0,139,train_loss,,7.104679107666016,0.0
0,139,train_throughput,,9972.406283337143,0.0
0,139,train_top_1,,0.0005859375,0.0
0,139,train_top_5,,0.0037353515625,0.0
0,159,train_loss,,7.096614837646484,0.0
0,159,train_throughput,,9728.798989873421,0.0
0,159,train_top_1,,0.0009765625,0.0
0,159,train_top_5,,0.0049560546875,0.0
0,179,train_loss,,7.093107223510742,0.0
0,179,train_throughput,,9793.582534591618,0.0
0,179,train_top_1,,0.0009765625,0.0
0,179,train_top_5,,0.00400390625,0.0
0,199,train_loss,,7.07382869720459,0.0
0,199,train_throughput,,9863.050775061998,0.0
0,199,train_top_1,,0.0008544921875,0.0
0,199,train_top_5,,0.0044677734375,0.0
0,219,train_loss,,7.086836814880371,0.0
0,219,train_throughput,,9880.31738029499,0.0
0,219,train_top_1,,0.0007080078125,0.0
0,219,train_top_5,,0.0041748046875,0.0
0,239,train_loss,,7.090237140655518,0.0
0,239,train_throughput,,9895.004553579842,0.0
0,239,train_top_1,,0.0010009765625,0.0
0,239,train_top_5,,0.0048583984375,0.0
0,259,train_loss,,7.089203357696533,0.0
0,259,train_throughput,,9888.052456114814,0.0
0,259,train_top_1,,0.00078125,0.0
0,259,train_top_5,,0.00478515625,0.0
0,279,train_loss,,7.0947346687316895,0.0
0,279,train_throughput,,9946.894978400946,0.0
0,279,train_top_1,,0.0006591796875,0.0
0,279,train_top_5,,0.004541015625,0.0
0,299,train_loss,,7.088579177856445,0.0
0,299,train_throughput,,10006.028231775159,0.0
0,299,train_top_1,,0.0007080078125,0.0
0,299,train_top_5,,0.0043212890625,0.0
0,319,train_loss,,7.068878650665283,0.0
0,319,train_throughput,,9856.825469863761,0.0
0,319,train_top_1,,0.0008056640625,0.0
0,319,train_top_5,,0.0047607421875,0.0
0,339,train_loss,,7.060922622680664,0.0
0,339,train_throughput,,9942.918177262862,0.0
0,339,train_top_1,,0.000927734375,0.0
0,339,train_top_5,,0.0048095703125,0.0
0,359,train_loss,,7.085638046264648,0.0
0,359,train_throughput,,9893.290538095447,0.0
0,359,train_top_1,,0.0010009765625,0.0
0,359,train_top_5,,0.0042236328125,0.0
0,379,train_loss,,7.048161506652832,0.0
0,379,train_throughput,,9858.183490194217,0.0
0,379,train_top_1,,0.0008544921875,0.0
0,379,train_top_5,,0.0048095703125,0.0
0,399,train_loss,,7.070587635040283,0.0
0,399,train_throughput,,9990.50847016063,0.0
0,399,train_top_1,,0.00068359375,0.0
0,399,train_top_5,,0.00400390625,0.0
0,419,train_loss,,7.063603401184082,0.0
0,419,train_throughput,,9919.429818979997,0.0
0,419,train_top_1,,0.00078125,0.0
0,419,train_top_5,,0.0047607421875,0.0
0,439,train_loss,,7.098465919494629,0.0
0,439,train_throughput,,9829.369982935214,0.0
0,439,train_top_1,,0.000634765625,0.0
0,439,train_top_5,,0.00498046875,0.0
0,459,train_loss,,7.068247318267822,0.0
0,459,train_throughput,,9901.455095031928,0.0
0,459,train_top_1,,0.000927734375,0.0
0,459,train_top_5,,0.0044189453125,0.0
0,479,train_loss,,7.0657196044921875,0.0
0,479,train_throughput,,9967.964866079546,0.0
0,479,train_top_1,,0.00068359375,0.0
0,479,train_top_5,,0.004345703125,0.0
0,499,train_loss,,7.054636001586914,0.0
0,499,train_throughput,,9830.019577222401,0.0
0,499,train_top_1,,0.0010009765625,0.0
0,499,train_top_5,,0.0043701171875,0.0
0,519,train_loss,,7.059157848358154,0.0
0,519,train_throughput,,9943.349783779691,0.0
0,519,train_top_1,,0.0009033203125,0.0
0,519,train_top_5,,0.0047119140625,0.0
0,539,train_loss,,7.0514397621154785,0.0
0,539,train_throughput,,9892.311285883006,0.0
0,539,train_top_1,,0.0010009765625,0.0
0,539,train_top_5,,0.0050537109375,0.0
0,559,train_loss,,7.046241760253906,0.0
0,559,train_throughput,,9984.812382609998,0.0
0,559,train_top_1,,0.000732421875,0.0
0,559,train_top_5,,0.0048828125,0.0
0,579,train_loss,,7.053793907165527,0.0
0,579,train_throughput,,9868.913171629749,0.0
0,579,train_top_1,,0.0011474609375,0.0
0,579,train_top_5,,0.0047119140625,0.0
0,599,train_loss,,7.039490699768066,0.0
0,599,train_throughput,,9904.986462986,0.0
0,599,train_top_1,,0.0009765625,0.0
0,599,train_top_5,,0.0048583984375,0.0
0,619,train_loss,,7.024665832519531,0.0
0,619,train_throughput,,9900.426870700767,0.0
0,619,train_top_1,,0.0009521484375,0.0
0,619,train_top_5,,0.0049072265625,0.0
0,49,validation_throughput,,3850.313524444001,0.0
0,49,validation_top_1,,0.00074,0.0
0,49,validation_top_5,,0.00484,0.0
1,19,train_loss,,7.0462446212768555,0.0
1,19,train_throughput,,8477.219364031003,0.0
1,19,train_top_1,,0.0009521484375,0.0
1,19,train_top_5,,0.0048828125,0.0
1,39,train_loss,,7.031935691833496,0.0
1,39,train_throughput,,10051.012014736603,0.0
1,39,train_top_1,,0.0008544921875,0.0
1,39,train_top_5,,0.00478515625,0.0
1,59,train_loss,,7.0194501876831055,0.0
1,59,train_throughput,,9925.596849806492,0.0
1,59,train_top_1,,0.00107421875,0.0
1,59,train_top_5,,0.004833984375,0.0
1,79,train_loss,,7.028155326843262,0.0
1,79,train_throughput,,9978.653293233323,0.0
1,79,train_top_1,,0.00107421875,0.0
1,79,train_top_5,,0.0048828125,0.0
1,99,train_loss,,7.021773338317871,0.0
1,99,train_throughput,,10035.222956839627,0.0
1,99,train_top_1,,0.00107421875,0.0
1,99,train_top_5,,0.0057861328125,0.0
1,119,train_loss,,7.031201362609863,0.0
1,119,train_throughput,,9828.658058725707,0.0
1,119,train_top_1,,0.0012451171875,0.0
1,119,train_top_5,,0.00517578125,0.0
1,139,train_loss,,7.035096168518066,0.0
1,139,train_throughput,,9893.41075053379,0.0
1,139,train_top_1,,0.0009765625,0.0
1,139,train_top_5,,0.0052734375,0.0
1,159,train_loss,,7.012236595153809,0.0
1,159,train_throughput,,9938.44261335826,0.0
1,159,train_top_1,,0.0010009765625,0.0
1,159,train_top_5,,0.006005859375,0.0
1,179,train_loss,,7.0216546058654785,0.0
1,179,train_throughput,,9936.918126401222,0.0
1,179,train_top_1,,0.0009765625,0.0
1,179,train_top_5,,0.0052001953125,0.0
1,199,train_loss,,7.022769927978516,0.0
1,199,train_throughput,,9833.444442561944,0.0
1,199,train_top_1,,0.0010009765625,0.0
1,199,train_top_5,,0.0045166015625,0.0
1,219,train_loss,,6.987668514251709,0.0
1,219,train_throughput,,10023.61237053878,0.0
1,219,train_top_1,,0.0009765625,0.0
1,219,train_top_5,,0.00537109375,0.0
1,239,train_loss,,7.004507064819336,0.0
1,239,train_throughput,,9920.656768647714,0.0
1,239,train_top_1,,0.001025390625,0.0
1,239,train_top_5,,0.0057861328125,0.0
1,259,train_loss,,7.012958526611328,0.0
1,259,train_throughput,,9852.39146200624,0.0
1,259,train_top_1,,0.00107421875,0.0
1,259,train_top_5,,0.0052734375,0.0
1,279,train_loss,,6.999494552612305,0.0
1,279,train_throughput,,9927.152855857914,0.0
1,279,train_top_1,,0.00087890625,0.0
1,279,train_top_5,,0.0047607421875,0.0
1,299,train_loss,,7.002222061157227,0.0
1,299,train_throughput,,9853.656138048595,0.0
1,299,train_top_1,,0.001171875,0.0
1,299,train_top_5,,0.0053955078125,0.0
1,319,train_loss,,6.996222972869873,0.0
1,319,train_throughput,,9875.589153508407,0.0
1,319,train_top_1,,0.001367
