epoch,iter,legend,note,value,rank
0,0,cfg,"Namespace(batch_size_per_device=128, channel_last=True, ctrl_port=50051, decay_rate=0.9, dtype='float32', epsilon=1.0, fuse_bn_add_relu=True, fuse_bn_relu=True, gpu_image_decoder=True, gpu_num_per_node=8, gradient_clipping=0.0, image_path='test_img/tiger.jpg', image_shape=[3, 224, 224], image_size=224, label_smoothing=0.1, learning_rate=0.001, log_dir='./logs_bs128_amp_1', loss_print_every_n_iter=20, lr_decay='cosine', lr_decay_epochs=2, lr_decay_rate=0.94, model='resnet50', model_load_dir=None, model_save_dir='./output/snapshots/model_save-20201217090151', momentum=0.875, nccl_fusion_max_ops=24, nccl_fusion_threshold_mb=16, node_ips=[''], num_classes=1000, num_epochs=2, num_examples=1281167, num_nodes=1, num_val_examples=50000, optimizer='sgd', pad_output=True, resize_shorter=256, rgb_mean=[123.68, 116.779, 103.939], rgb_std=[58.393, 57.12, 57.375], train_data_dir='./ofrecord/train', train_data_part_num=256, use_fp16=True, use_xla=None, val_batch_size_per_device=125, val_data_dir='./ofrecord/validation', val_data_part_num=256, warmup_epochs=5, wd=3.0517578125e-05)",,
0,19,train_loss,,7.097934722900391,0.0
0,19,train_throughput,,4468.181489863263,0.0
0,19,train_top_1,,0.001123046875,0.0
0,19,train_top_5,,0.005224609375,0.0
0,39,train_loss,,7.1102142333984375,0.0
0,39,train_throughput,,8825.26740763861,0.0
0,39,train_top_1,,0.001220703125,0.0
0,39,train_top_5,,0.00625,0.0
0,59,train_loss,,7.084780216217041,0.0
0,59,train_throughput,,8887.819643969236,0.0
0,59,train_top_1,,0.001416015625,0.0
0,59,train_top_5,,0.006201171875,0.0
0,79,train_loss,,7.095023155212402,0.0
0,79,train_throughput,,8692.105071856631,0.0
0,79,train_top_1,,0.001025390625,0.0
0,79,train_top_5,,0.00419921875,0.0
0,99,train_loss,,7.0940961837768555,0.0
0,99,train_throughput,,8828.595361837957,0.0
0,99,train_top_1,,0.001025390625,0.0
0,99,train_top_5,,0.00615234375,0.0
0,119,train_loss,,7.09438419342041,0.0
0,119,train_throughput,,8841.227929312043,0.0
0,119,train_top_1,,0.001025390625,0.0
0,119,train_top_5,,0.0064453125,0.0
0,139,train_loss,,7.113801002502441,0.0
0,139,train_throughput,,8936.61539396261,0.0
0,139,train_top_1,,0.001220703125,0.0
0,139,train_top_5,,0.005712890625,0.0
0,159,train_loss,,7.098556041717529,0.0
0,159,train_throughput,,8637.039276807855,0.0
0,159,train_top_1,,0.0013671875,0.0
0,159,train_top_5,,0.005908203125,0.0
0,179,train_loss,,7.099606513977051,0.0
0,179,train_throughput,,8752.77293014704,0.0
0,179,train_top_1,,0.001220703125,0.0
0,179,train_top_5,,0.005419921875,0.0
0,199,train_loss,,7.097100734710693,0.0
0,199,train_throughput,,8887.690901345983,0.0
0,199,train_top_1,,0.00146484375,0.0
0,199,train_top_5,,0.0064453125,0.0
0,219,train_loss,,7.128907203674316,0.0
0,219,train_throughput,,8676.783117255545,0.0
0,219,train_top_1,,0.001416015625,0.0
0,219,train_top_5,,0.005859375,0.0
0,239,train_loss,,7.108707427978516,0.0
0,239,train_throughput,,8692.87034692609,0.0
0,239,train_top_1,,0.001171875,0.0
0,239,train_top_5,,0.005712890625,0.0
0,259,train_loss,,7.099822044372559,0.0
0,259,train_throughput,,8958.749278158142,0.0
0,259,train_top_1,,0.001025390625,0.0
0,259,train_top_5,,0.006201171875,0.0
0,279,train_loss,,7.08867073059082,0.0
0,279,train_throughput,,8869.561716408525,0.0
0,279,train_top_1,,0.001220703125,0.0
0,279,train_top_5,,0.00556640625,0.0
0,299,train_loss,,7.089361190795898,0.0
0,299,train_throughput,,8881.029884738036,0.0
0,299,train_top_1,,0.00078125,0.0
0,299,train_top_5,,0.0048828125,0.0
0,319,train_loss,,7.0702948570251465,0.0
0,319,train_throughput,,8702.109129736873,0.0
0,319,train_top_1,,0.00146484375,0.0
0,319,train_top_5,,0.006005859375,0.0
0,339,train_loss,,7.069511413574219,0.0
0,339,train_throughput,,8970.849417454294,0.0
0,339,train_top_1,,0.001123046875,0.0
0,339,train_top_5,,0.006005859375,0.0
0,359,train_loss,,7.092668533325195,0.0
0,359,train_throughput,,8709.67344052566,0.0
0,359,train_top_1,,0.001123046875,0.0
0,359,train_top_5,,0.005517578125,0.0
0,379,train_loss,,7.088199615478516,0.0
0,379,train_throughput,,8919.96898443978,0.0
0,379,train_top_1,,0.0013671875,0.0
0,379,train_top_5,,0.00595703125,0.0
0,399,train_loss,,7.064658164978027,0.0
0,399,train_throughput,,8889.013449624728,0.0
0,399,train_top_1,,0.0017578125,0.0
0,399,train_top_5,,0.00673828125,0.0
0,419,train_loss,,7.089455604553223,0.0
0,419,train_throughput,,8759.620708594466,0.0
0,419,train_top_1,,0.00087890625,0.0
0,419,train_top_5,,0.00615234375,0.0
0,439,train_loss,,7.081078052520752,0.0
0,439,train_throughput,,8854.283657743768,0.0
0,439,train_top_1,,0.00087890625,0.0
0,439,train_top_5,,0.00537109375,0.0
0,459,train_loss,,7.086965560913086,0.0
0,459,train_throughput,,8845.06974426639,0.0
0,459,train_top_1,,0.0009765625,0.0
0,459,train_top_5,,0.006201171875,0.0
0,479,train_loss,,7.075165748596191,0.0
0,479,train_throughput,,8662.327394501326,0.0
0,479,train_top_1,,0.000830078125,0.0
0,479,train_top_5,,0.005224609375,0.0
0,499,train_loss,,7.0555419921875,0.0
0,499,train_throughput,,8851.620355543135,0.0
0,499,train_top_1,,0.00107421875,0.0
0,499,train_top_5,,0.00537109375,0.0
0,519,train_loss,,7.063626766204834,0.0
0,519,train_throughput,,8767.91985794841,0.0
0,519,train_top_1,,0.001171875,0.0
0,519,train_top_5,,0.0060546875,0.0
0,539,train_loss,,7.045252799987793,0.0
0,539,train_throughput,,8739.937261220603,0.0
0,539,train_top_1,,0.0009765625,0.0
0,539,train_top_5,,0.0064453125,0.0
0,559,train_loss,,7.075545310974121,0.0
0,559,train_throughput,,8888.073461779906,0.0
0,559,train_top_1,,0.00107421875,0.0
0,559,train_top_5,,0.005224609375,0.0
0,579,train_loss,,7.054884910583496,0.0
0,579,train_throughput,,8934.175522211215,0.0
0,579,train_top_1,,0.00078125,0.0
0,579,train_top_5,,0.005419921875,0.0
0,599,train_loss,,7.046236515045166,0.0
0,599,train_throughput,,8889.396123924715,0.0
0,599,train_top_1,,0.001416015625,0.0
0,599,train_top_5,,0.00673828125,0.0
0,619,train_loss,,7.0951247215271,0.0
0,619,train_throughput,,8865.401225416257,0.0
0,619,train_top_1,,0.001416015625,0.0
0,619,train_top_5,,0.0060546875,0.0
0,639,train_loss,,7.071988105773926,0.0
0,639,train_throughput,,8672.652618141308,0.0
0,639,train_top_1,,0.00087890625,0.0
0,639,train_top_5,,0.006396484375,0.0
0,659,train_loss,,7.059615612030029,0.0
0,659,train_throughput,,8843.485273940625,0.0
0,659,train_top_1,,0.00107421875,0.0
0,659,train_top_5,,0.006005859375,0.0
0,679,train_loss,,7.054338455200195,0.0
0,679,train_throughput,,8898.568077930917,0.0
0,679,train_top_1,,0.0015625,0.0
0,679,train_top_5,,0.007080078125,0.0
0,699,train_loss,,7.060417652130127,0.0
0,699,train_throughput,,8889.701551093975,0.0
0,699,train_top_1,,0.001318359375,0.0
0,699,train_top_5,,0.00595703125,0.0
0,719,train_loss,,7.058053493499756,0.0
0,719,train_throughput,,8742.672579024591,0.0
0,719,train_top_1,,0.0009765625,0.0
0,719,train_top_5,,0.00517578125,0.0
0,739,train_loss,,7.031030654907227,0.0
0,739,train_throughput,,8949.817493181834,0.0
0,739,train_top_1,,0.0013671875,0.0
0,739,train_top_5,,0.006201171875,0.0
0,759,train_loss,,7.062952041625977,0.0
0,759,train_throughput,,8877.378790819459,0.0
0,759,train_top_1,,0.00146484375,0.0
0,759,train_top_5,,0.005615234375,0.0
0,779,train_loss,,7.093194484710693,0.0
0,779,train_throughput,,8920.136642165007,0.0
0,779,train_top_1,,0.00107421875,0.0
0,779,train_top_5,,0.005908203125,0.0
0,799,train_loss,,7.05544376373291,0.0
0,799,train_throughput,,8858.546997476275,0.0
0,799,train_top_1,,0.00185546875,0.0
0,799,train_top_5,,0.00615234375,0.0
0,819,train_loss,,7.060637474060059,0.0
0,819,train_throughput,,8927.568074524039,0.0
0,819,train_top_1,,0.001025390625,0.0
0,819,train_top_5,,0.00625,0.0
0,839,train_loss,,7.054319381713867,0.0
0,839,train_throughput,,8651.984025838103,0.0
0,839,train_top_1,,0.001611328125,0.0
0,839,train_top_5,,0.00654296875,0.0
0,859,train_loss,,7.051196098327637,0.0
0,859,train_throughput,,8880.33210834129,0.0
0,859,train_top_1,,0.001416015625,0.0
0,859,train_top_5,,0.005810546875,0.0
0,879,train_loss,,7.036172866821289,0.0
0,879,train_throughput,,8898.882432747143,0.0
0,879,train_top_1,,0.00126953125,0.0
0,879,train_top_5,,0.005029296875,0.0
0,899,train_loss,,7.040456771850586,0.0
0,899,train_throughput,,8770.474816089196,0.0
0,899,train_top_1,,0.001318359375,0.0
0,899,train_top_5,,0.005859375,0.0
0,919,train_loss,,7.051286697387695,0.0
0,919,train_throughput,,8870.687413286822,0.0
0,919,train_top_1,,0.0015625,0.0
0,919,train_top_5,,0.006591796875,0.0
0,939,train_loss,,7.050057888031006,0.0
0,939,train_throughput,,8896.534066217231,0.0
0,939,train_top_1,,0.001318359375,0.0
0,939,train_top_5,,0.006005859375,0.0
0,959,train_loss,,7.001898765563965,0.0
0,959,train_throughput,,8885.504685510217,0.0
0,959,train_top_1,,0.001416015625,0.0
0,959,train_top_5,,0.00673828125,0.0
0,979,train_loss,,7.031536102294922,0.0
0,979,train_throughput,,8929.757402944804,0.0
0,979,train_top_1,,0.001416015625,0.0
0,979,train_top_5,,0.006591796875,0.0
0,999,train_loss,,7.006491661071777,0.0
0,999,train_throughput,,8891.170102421056,0.0
0,999,train_top_1,,0.00126953125,0.0
0,999,train_top_5,,0.005517578125,0.0
0,1019,train_loss,,7.027783393859863,0.0
0,1019,train_throughput,,8908.061973620528,0.0
0,1019,train_top_1,,0.001171875,0.0
0,1019,train_top_5,,0.005859375,0.0
0,1039,train_loss,,7.03938102722168,0.0
0,1039,train_throughput,,8762.441657148447,0.0
0,1039,train_top_1,,0.00146484375,0.0
0,1039,train_top_5,,0.005859375,0.0
0,1059,train_loss,,7.038169860839844,0.0
0,1059,train_throughput,,8891.177464802728,0.0
0,1059,train_top_1,,0.001123046875,0.0
0,1059,train_top_5,,0.005615234375,0.0
0,1079,train_loss,,7.013460159301758,0.0
0,1079,train_throughput,,8899.444823747173,0.0
0,1079,train_top_1,,0.001220703125,0.0
0,1079,train_top_5,,0.006201171875,0.0
0,1099,train_loss,,7.020915985107422,0.0
0,1099,train_throughput,,8894.582031709891,0.0
0,1099,train_top_1,,0.001318359375,0.0
0,1099,train_top_5,,0.005810546875,0.0
0,1119,train_loss,,7.023285388946533,0.0
0,1119,train_throughput,,8918.9937304915,0.0
0,1119,train_top_1,,0.001220703125,0.0
0,1119,train_top_5,,0.006201171875,0.0
0,1139,train_loss,,7.001940727233887,0.0
0,1139,train_throughput,,8921.00374622698,0.0
0,1139,train_top_1,,0.00146484375,0.0
0,1139,train_top_5,,0.00556640625,0.0
0,1159,train_loss,,6.994939804077148,0.0
0,1159,train_throughput,,8933.761108784918,0.0
0,1159,train_top_1,,0.0017578125,0.0
0,1159,train_top_5,,0.0060546875,0.0
0,1179,train_loss,,7.009015083312988,0.0
0,1179,train_throughput,,8889.53135565454,0.0
0,1179,train_top_1,,0.001708984375,0.0
0,1179,train_top_5,,0.006982421875,0.0
0,1199,train_loss,,7.001173973083496,0.0
0,1199,train_throughput,,8971.693612763507,0.0
0,1199,train_top_1,,0.001513671875,0.0
0,1199,train_top_5,,0.006103515625,0.0
0,1219,train_loss,,7.011748790740967,0.0
0,1219,train_throughput,,8909.281552761655,0.0
0,1219,train_top_1,,0.0009765625,0.0
0,1219,train_top_5,,0.006591796875,0.0
0,1239,train_loss,,6.996936798095703,0.0
0,1239,train_throughput,,8903.812687231555,0.0
0,1239,train_top_1,,0.001513671875,0.0
0,1239,train_top_5,,0.006591796875,0.0
0,49,validation_throughput,,3975.0403000446986,0.0
0,49,validation_top_1,,0.00144,0.0
0,49,validation_top_5,,0.00634,0.0
1,19,train_loss,,6.987338542938232,0.0
1,19,train_throughput,,6781.775022729777,0.0
1,19,train_top_1,,0.0009765625,0.0
1,19,train_top_5,,0.006396484375,0.0
1,39,train_loss,,6.9949822425842285,0.0
1,39,train_throughput,,8808.994012402214,0.0
1,39,train_top_1,,0.001513671875,0.0
1,39,train_top_5,,0.00517578125,0.0
1,59,train_loss,,6.97818660736084,0.0
1,59,train_throughput,,8862.271302911335,0.0
1,59,train_top_1,,0.001025390625,0.0
1,59,train_top_5,,0.00595703125,0.0
1,79,train_loss,,6.9760260581970215,0.0
1,79,train_throughput,,8896.790224932041,0.0
1,79,train_top_1,,0.00166015625,0.0
1,79,train_top_5,,0.006005859375,0.0
1,99,train_loss,,7.012616157531738,0.0
1,99,train_throughput,,8873.075312530376,0.0
1,99,train_top_1,,0.0013671875,0.0
1,99,train_top_5,,0.006298828125,0.0
1,119,train_loss,,6.975388526916504,0.0
1,119,train_throughput,,8932.343473786752,0.0
1,119,train_top_1,,0.001318359375,0.0
1,119,train_top_5,,0.006787109375,0.0
1,139,train_loss,,6.963728427886963,0.0
1,139,train_throughput,,8949.129377475485,0.0
1,139,train_top_1,,0.001318359375,0.0
1,139,train_top_5,,0.0060546875,0.0
1,159,train_loss,,6.961174964904785,0.0
1,159,train_throughput,,8963.95283484819,0.0
1,159,train_top_1,,0.001171875,0.0
1,159,train_top_5,,0.005810546875,0.0
1,179,train_loss,,6.998188018798828,0.0
1,179,train_throughput,,8953.954010724396,0.0
1,179,train_top_1,,0.00166015625,0.0
1,179,train_top_5,,0.00673828125,0.0
1,199,train_loss,,6.983349800109863,0.0
1,199,train_throughput,,8927.316635001645,0.0
1,199,train_top_1,,0.001708984375,0.0
1,199,train_top_5,,0.007275390625,0.0
1,219,train_loss,,6.978065490722656,0.0
1,219,train_throughput,,8949.203032500649,0.0
1,219,train_top_1,,0.001611328125,0.0
1,219,train_top_5,,0.00634765625,0.0
1,239,train_loss,,6.994268417358398,0.0
1,239,train_throughput,,8912.808199264931,0.0
1,239,train_top_1,,0.00166015625,0.0
1,239,train_top_5,,0.006640625,0.0
1,259,train_loss,,6.962857723236084,0.0
1,259,train_throughput,,8956.574662793866,0.0
1,259,train_top_1,,0.001171875,0.0
1,259,train_top_5,,0.00625,0.0
1,279,train_loss,,6.981256008148193,0.0
1,279,train_throughput,,8838.979012975906,0.0
1,279,train_top_1,,0.001513671875,0.0
1,279,train_top_5,,0.00771484375,0.0
1,299,train_loss,,6.9620513916015625,0.0
1,299,train_throughput,,8938.780326916267,0.0
1,299,train_top_1,,0.001416015625,0.0
1,299,train_top_5,,0.0072265625,0.0
1,319,train_loss,,6.978415489196777,0.0
1,319,train_throughput,,8976.21336757487,0.0
1,319,train_top_1,,0.0013671875,0.0
1,319,train_top_5,,0.00625,0.0
1,339,train_loss,,6.943386077880859,0.0
1,339,train_throughput,,8918.902050916624,0.0
1,339,train_top_1,,0.001513671875,0.0
1,339,train_top_5,,0.00712890625,0.0
1,359,train_loss,,6.965534210205078,0.0
1,359,train_throughput,,8902.511565839342,0.0
1,359,train_top_1,,0.001708984375,0.0
1,359,train_top_5,,0.006298828125,0.0
1,379,train_loss,,6.962306022644043,0.0
1,379,train_throughput,,9041.54721734003,0.0
1,379,train_top_1,,0.00185546875,0.0
1,379,train_top_5,,0.0080078125,0.0
1,399,train_loss,,6.948858737945557,0.0
1,399,train_throughput,,8908.019479155853,0.0
1,399,train_top_1,,0.001708984375,0.0
1,399,train_top_5,,0.006640625,0.0
1,419,train_loss,,6.940634727478027,0.0
1,419,train_throughput,,8947.28559994767,0.0
1,419,train_top_1,,0.001708984375,0.0
1,419,train_top_5,,0.007421875,0.0
1,439,train_loss,,6.9743218421936035,0.0
1,439,train_throughput,,8943.190621551275,0.0
1,439,train_top_1,,0.000927734375,0.0
1,439,train_top_5,,0.006689453125,0.0
1,459,train_loss,,6.978700637817383,0.0
1,459,train_throughput,,8975.84662993055,0.0
1,459,train_top_1,,0.001171875,0.0
1,459,train_top_5,,0.0064453125,0.0
1,479,train_loss,,6.950613975524902,0.0
1,479,train_throughput,,8916.454255179238,0.0
1,479,train_top_1,,0.0015625,0.0
1,479,train_top_5,,0.008544921875,0.0
1,499,train_loss,,6.954787254333496,0.0
1,499,train_throughput,,8936.967775067189,0.0
1,499,train_top_1,,0.001611328125,0.0
1,499,train_top_5,,0.00712890625,0.0
1,519,train_loss,,6.962577819824219,0.0
1,519,train_throughput,,8928.685342417171,0.0
1,519,train_top_1,,0.00146484375,0.0
1,519,train_top_5,,0.00771484375,0.0
1,539,train_loss,,6.947421073913574,0.0
1,539,train_throughput,,8759.87976336111,0.0
1,539,train_top_1,,0.00166015625,0.0
1,539,train_top_5,,0.00810546875,0.0
1,559,train_loss,,6.963832378387451,0.0
1,559,train_throughput,,8891.725076118508,0.0
1,559,train_top_1,,0.0013671875,0.0
1,559,train_top_5,,0.00751953125,0.0
1,579,train_loss,,6.959085464477539,0.0
1,579,train_throughput,,8951.699629111274,0.0
1,579,train_top_1,,0.001513671875,0.0
1,579,train_top_5,,0.00732421875,0.0
1,599,train_loss,,6.931861400604248,0.0
1,599,train_throughput,,8983.173929062086,0.0
1,599,train_top_1,,0.001513671875,0.0
1,599,train_top_5,,0.007275390625,0.0
1,619,train_loss,,6.915655136108398,0.0
1,619,train_throughput,,8879.581203096279,0.0
1,619,train_top_1,,0.001513671875,0.0
1,619,train_top_5,,0.007373046875,0.0
1,639,train_loss,,6.93432092666626,0.0
1,639,train_throughput,,8945.572071607194,0.0
1,639,train_top_1,,0.00185546875,0.0
1,639,train_top_5,,0.007958984375,0.0
1,659,train_loss,,6.9176225662231445,0.0
1,659,train_throughput,,8951.164193736764,0.0
1,659,train_top_1,,0.001708984375,0.0
1,659,train_top_5,,0.00849609375,0.0
1,679,train_loss,,6.9090681076049805,0.0
1,679,train_throughput,,9008.788294065449,0.0
1,679,train_top_1,,0.0015625,0.0
1,679,train_top_5,,0.006982421875,0.0
1,699,train_loss,,6.9113006591796875,0.0
1,699,train_throughput,,8945.170572893074,0.0
1,699,train_top_1,,0.0015625,0.0
1,699,train_top_5,,0.00908203125,0.0
1,719,train_loss,,6.91739559173584,0.0
1,719,train_throughput,,8865.627228808822,0.0
1,719,train_top_1,,0.00185546875,0.0
1,719,train_top_5,,0.008740234375,0.0
1,739,train_loss,,6.9124369621276855,0.0
1,739,train_throughput,,8855.790743597236,0.0
1,739,train_top_1,,0.001953125,0.0
1,739,train_top_5,,0.009619140625,0.0
1,759,train_loss,,6.920638084411621,0.0
1,759,train_throughput,,8971.0105612261,0.0
1,759,train_top_1,,0.001513671875,0.0
1,759,train_top_5,,0.007958984375,0.0
1,779,train_loss,,6.913796901702881,0.0
1,779,train_throughput,,8930.038687426098,0.0
1,779,train_top_1,,0.00224609375,0.0
1,779,train_top_5,,0.009716796875,0.0
1,799,train_loss,,6.919421195983887,0.0
1,799,train_throughput,,8917.525231909329,0.0
1,799,train_top_1,,0.002197265625,0.0
1,799,train_top_5,,0.00849609375,0.0
1,819,train_loss,,6.939073085784912,0.0
1,819,train_throughput,,8913.69237835104,0.0
1,819,train_top_1,,0.00263671875,0.0
1,819,train_top_5,,0.00966796875,0.0
1,839,train_loss,,6.903412818908691,0.0
1,839,train_throughput,,9001.223915899636,0.0
1,839,train_top_1,,0.001953125,0.0
1,839,train_top_5,,0.0099609375,0.0
1,859,train_loss,,6.903570652008057,0.0
1,859,train_throughput,,8986.152006260018,0.0
1,859,train_top_1,,0.002294921875,0.0
1,859,train_top_5,,0.01015625,0.0
1,879,train_loss,,6.918169975280762,0.0
1,879,train_throughput,,8909.597589100544,0.0
1,879,train_top_1,,0.00224609375,0.0
1,879,train_top_5,,0.009814453125,0.0
1,899,train_loss,,6.898373603820801,0.0
1,899,train_throughput,,8904.584311868906,0.0
1,899,train_top_1,,0.003466796875,0.0
1,899,train_top_5,,0.011328125,0.0
1,919,train_loss,,6.907746315002441,0.0
1,919,train_throughput,,9009.633975326211,0.0
1,919,train_top_1,,0.0025390625,0.0
1,919,train_top_5,,0.009765625,0.0
1,939,train_loss,,6.904659271240234,0.0
1,939,train_throughput,,8944.144166957518,0.0
1,939,train_top_1,,0.002392578125,0.0
1,939,train_top_5,,0.010107421875,0.0
1,959,train_loss,,6.888528347015381,0.0
1,959,train_throughput,,8967.528521968838,0.0
1,959,train_top_1,,0.003173828125,0.0
1,959,train_top_5,,0.011962890625,0.0
1,979,train_loss,,6.904392242431641,0.0
1,979,train_throughput,,8965.387071792527,0.0
1,979,train_top_1,,0.002978515625,0.0
1,979,train_top_5,,0.0111328125,0.0
1,999,train_loss,,6.8923540115356445,0.0
1,999,train_throughput,,9007.023741080593,0.0
1,999,train_top_1,,0.003125,0.0
1,999,train_top_5,,0.01181640625,0.0
1,1019,train_loss,,6.901676654815674,0.0
1,1019,train_throughput,,8980.371510030127,0.0
1,1019,train_top_1,,0.00244140625,0.0
1,1019,train_top_5,,0.01123046875,0.0
1,1039,train_loss,,6.9009504318237305,0.0
1,1039,train_throughput,,8981.93403738709,0.0
1,1039,train_top_1,,0.002978515625,0.0
1,1039,train_top_5,,0.011376953125,0.0
1,1059,train_loss,,6.886031150817871,0.0
1,1059,train_throughput,,8919.780029696136,0.0
1,1059,train_top_1,,0.003857421875,0.0
1,1059,train_top_5,,0.012744140625,0.0
1,1079,train_loss,,6.894008159637451,0.0
1,1079,train_throughput,,8942.58731113195,0.0
1,1079,train_top_1,,0.003271484375,0.0
1,1079,train_top_5,,0.0134765625,0.0
1,1099,train_loss,,6.895155429840088,0.0
1,1099,train_throughput,,8969.330078872232,0.0
1,1099,train_top_1,,0.003759765625,0.0
1,1099,train_top_5,,0.01318359375,0.0
1,1119,train_loss,,6.884368896484375,0.0
1,1119,train_throughput,,8957.487162749083,0.0
1,1119,train_top_1,,0.003857421875,0.0
1,1119,train_top_5,,0.012890625,0.0
1,1139,train_loss,,6.888777256011963,0.0
1,1139,train_throughput,,8946.652850457589,0.0
1,1139,train_top_1,,0.00341796875,0.0
1,1139,train_top_5,,0.012841796875,0.0
1,1159,train_loss,,6.869025230407715,0.0
1,1159,train_throughput,,8970.710763493713,0.0
1,1159,train_top_1,,0.00341796875,0.0
1,1159,train_top_5,,0.013330078125,0.0
1,1179,train_loss,,6.893670558929443,0.0
1,1179,train_throughput,,8873.910372616165,0.0
1,1179,train_top_1,,0.004150390625,0.0
1,1179,train_top_5,,0.013232421875,0.0
1,1199,train_loss,,6.872084140777588,0.0
1,1199,train_throughput,,8964.471090612917,0.0
1,1199,train_top_1,,0.003662109375,0.0
1,1199,train_top_5,,0.01484375,0.0
1,1219,train_loss,,6.877516746520996,0.0
1,1219,train_throughput,,9015.696343997091,0.0
1,1219,train_top_1,,0.0046875,0.0
1,1219,train_top_5,,0.0142578125,0.0
1,1239,train_loss,,6.885768890380859,0.0
1,1239,train_throughput,,8816.879301853858,0.0
1,1239,train_top_1,,0.005029296875,0.0
1,1239,train_top_5,,0.01572265625,0.0
1,49,validation_throughput,,4077.232387831986,0.0
1,49,validation_top_1,,0.00366,0.0
1,49,validation_top_5,,0.0149,0.0
