
epoch,iter,legend,note,value,rank
0,0,cfg,"Namespace(batch_size_per_device=256, channel_last=None, ctrl_port=50051, decay_rate=0.9, dtype='float32', epsilon=1.0, fuse_bn_add_relu=True, fuse_bn_relu=True, gpu_image_decoder=True, gpu_num_per_node=8, gradient_clipping=0.0, image_path='test_img/tiger.jpg', image_shape=[3, 224, 224], image_size=224, label_smoothing=0.1, learning_rate=0.001, log_dir='./logs_bs256_fp32_1', loss_print_every_n_iter=20, lr_decay='cosine', lr_decay_epochs=2, lr_decay_rate=0.94, model='resnet50', model_load_dir=None, model_save_dir='./output/snapshots/model_save-20201217170317', momentum=0.875, nccl_fusion_max_ops=24, nccl_fusion_threshold_mb=16, node_ips=['1'], num_classes=1000, num_epochs=2, num_examples=1281167, num_nodes=1, num_val_examples=50000, optimizer='sgd', pad_output=True, resize_shorter=256, rgb_mean=[123.68, 116.779, 103.939], rgb_std=[58.393, 57.12, 57.375], train_data_dir='./ofrecord/train', train_data_part_num=256, use_fp16=None, use_xla=None, val_batch_size_per_device=125, val_data_dir='./ofrecord/validation', val_data_part_num=256, warmup_epochs=5, wd=3.0517578125e-05)",,
0,19,train_loss,,7.105922698974609,0.0
0,19,train_throughput,,2608.8553461304687,0.0
0,19,train_top_1,,0.0013671875,0.0
0,19,train_top_5,,0.0047119140625,0.0
0,39,train_loss,,7.101061820983887,0.0
0,39,train_throughput,,3032.611569931946,0.0
0,39,train_top_1,,0.001220703125,0.0
0,39,train_top_5,,0.0055419921875,0.0
0,59,train_loss,,7.117380142211914,0.0
0,59,train_throughput,,3016.4008624303374,0.0
0,59,train_top_1,,0.0009521484375,0.0
0,59,train_top_5,,0.0051025390625,0.0
0,79,train_loss,,7.083689212799072,0.0
0,79,train_throughput,,3013.0102323518595,0.0
0,79,train_top_1,,0.0011962890625,0.0
0,79,train_top_5,,0.0050537109375,0.0
0,99,train_loss,,7.128831386566162,0.0
0,99,train_throughput,,3001.7615798989054,0.0
0,99,train_top_1,,0.001513671875,0.0
0,99,train_top_5,,0.0060302734375,0.0
0,119,train_loss,,7.12437105178833,0.0
0,119,train_throughput,,2993.8261335303673,0.0
0,119,train_top_1,,0.001025390625,0.0
0,119,train_top_5,,0.005126953125,0.0
0,139,train_loss,,7.095688819885254,0.0
0,139,train_throughput,,2986.4987817408523,0.0
0,139,train_top_1,,0.0010986328125,0.0
0,139,train_top_5,,0.0049072265625,0.0
0,159,train_loss,,7.091140270233154,0.0
0,159,train_throughput,,2983.3002651024563,0.0
0,159,train_top_1,,0.0012939453125,0.0
0,159,train_top_5,,0.0051025390625,0.0
0,179,train_loss,,7.1001505851745605,0.0
0,179,train_throughput,,2980.0088769555027,0.0
0,179,train_top_1,,0.001416015625,0.0
0,179,train_top_5,,0.005810546875,0.0
0,199,train_loss,,7.108797073364258,0.0
0,199,train_throughput,,2978.0336767556964,0.0
0,199,train_top_1,,0.00126953125,0.0
0,199,train_top_5,,0.005419921875,0.0
0,219,train_loss,,7.099666595458984,0.0
0,219,train_throughput,,2977.269394778911,0.0
0,219,train_top_1,,0.001318359375,0.0
0,219,train_top_5,,0.0052490234375,0.0
0,239,train_loss,,7.098508834838867,0.0
0,239,train_throughput,,2982.931664230877,0.0
0,239,train_top_1,,0.0012939453125,0.0
0,239,train_top_5,,0.00546875,0.0
0,259,train_loss,,7.10943603515625,0.0
0,259,train_throughput,,2974.52768304743,0.0
0,259,train_top_1,,0.001025390625,0.0
0,259,train_top_5,,0.0052490234375,0.0
0,279,train_loss,,7.0979814529418945,0.0
0,279,train_throughput,,2980.720677470572,0.0
0,279,train_top_1,,0.0013427734375,0.0
0,279,train_top_5,,0.005126953125,0.0
0,299,train_loss,,7.078395843505859,0.0
0,299,train_throughput,,2981.7378592663513,0.0
0,299,train_top_1,,0.001220703125,0.0
0,299,train_top_5,,0.0059814453125,0.0
0,319,train_loss,,7.103343486785889,0.0
0,319,train_throughput,,2980.2381960505127,0.0
0,319,train_top_1,,0.0014404296875,0.0
0,319,train_top_5,,0.00625,0.0
0,339,train_loss,,7.091588973999023,0.0
0,339,train_throughput,,2983.7565322274386,0.0
0,339,train_top_1,,0.00146484375,0.0
0,339,train_top_5,,0.00498046875,0.0
0,359,train_loss,,7.06526517868042,0.0
0,359,train_throughput,,2984.0435452736,0.0
0,359,train_top_1,,0.001611328125,0.0
0,359,train_top_5,,0.0059326171875,0.0
0,379,train_loss,,7.089944839477539,0.0
0,379,train_throughput,,2985.7333663492846,0.0
0,379,train_top_1,,0.00126953125,0.0
0,379,train_top_5,,0.0056884765625,0.0
0,399,train_loss,,7.082516193389893,0.0
0,399,train_throughput,,2981.8662591210136,0.0
0,399,train_top_1,,0.00146484375,0.0
0,399,train_top_5,,0.0059814453125,0.0
0,419,train_loss,,7.097711086273193,0.0
0,419,train_throughput,,2985.0661604641655,0.0
0,419,train_top_1,,0.0013427734375,0.0
0,419,train_top_5,,0.0053955078125,0.0
0,439,train_loss,,7.074125289916992,0.0
0,439,train_throughput,,2988.4411996320537,0.0
0,439,train_top_1,,0.001513671875,0.0
0,439,train_top_5,,0.0061767578125,0.0
0,459,train_loss,,7.088407039642334,0.0
0,459,train_throughput,,2983.9914559232707,0.0
0,459,train_top_1,,0.001123046875,0.0
0,459,train_top_5,,0.00517578125,0.0
0,479,train_loss,,7.083925724029541,0.0
0,479,train_throughput,,2981.7820035554637,0.0
0,479,train_top_1,,0.0015380859375,0.0
0,479,train_top_5,,0.005419921875,0.0
0,499,train_loss,,7.0647172927856445,0.0
0,499,train_throughput,,2983.20556804452,0.0
0,499,train_top_1,,0.0010986328125,0.0
0,499,train_top_5,,0.005078125,0.0
0,519,train_loss,,7.067346572875977,0.0
0,519,train_throughput,,2985.190230610829,0.0
0,519,train_top_1,,0.001513671875,0.0
0,519,train_top_5,,0.0058349609375,0.0
0,539,train_loss,,7.076369285583496,0.0
0,539,train_throughput,,2984.616077814919,0.0
0,539,train_top_1,,0.0016357421875,0.0
0,539,train_top_5,,0.005615234375,0.0
0,559,train_loss,,7.058101654052734,0.0
0,559,train_throughput,,2985.364527166355,0.0
0,559,train_top_1,,0.0012939453125,0.0
0,559,train_top_5,,0.0056640625,0.0
0,579,train_loss,,7.039224624633789,0.0
0,579,train_throughput,,2984.7009603079177,0.0
0,579,train_top_1,,0.0009033203125,0.0
0,579,train_top_5,,0.0050537109375,0.0
0,599,train_loss,,7.064859867095947,0.0
0,599,train_throughput,,2986.152072151546,0.0
0,599,train_top_1,,0.00126953125,0.0
0,599,train_top_5,,0.0052001953125,0.0
0,619,train_loss,,7.045649528503418,0.0
0,619,train_throughput,,2984.300286819845,0.0
0,619,train_top_1,,0.0013671875,0.0
0,619,train_top_5,,0.0057373046875,0.0
0,49,validation_throughput,,2937.7962185724464,0.0
0,49,validation_top_1,,0.0014,0.0
0,49,validation_top_5,,0.00556,0.0
1,19,train_loss,,7.0413312911987305,0.0
1,19,train_throughput,,2887.656738973996,0.0
1,19,train_top_1,,0.00146484375,0.0
1,19,train_top_5,,0.0058837890625,0.0
1,39,train_loss,,7.052054405212402,0.0
1,39,train_throughput,,2991.7333813778955,0.0
1,39,train_top_1,,0.0018310546875,0.0
1,39,train_top_5,,0.0060546875,0.0
1,59,train_loss,,7.034928321838379,0.0
1,59,train_throughput,,2992.5925774185503,0.0
1,59,train_top_1,,0.0013671875,0.0
1,59,train_top_5,,0.005810546875,0.0
1,79,train_loss,,7.0657124519348145,0.0
1,79,train_throughput,,2989.1026862894573,0.0
1,79,train_top_1,,0.0013671875,0.0
1,79,train_top_5,,0.00517578125,0.0
1,99,train_loss,,7.031072616577148,0.0
1,99,train_throughput,,2990.164370134484,0.0
1,99,train_top_1,,0.00166015625,0.0
1,99,train_top_5,,0.00576171875,0.0
1,119,train_loss,,7.0391387939453125,0.0
1,119,train_throughput,,2988.9700743185754,0.0
1,119,train_top_1,,0.001513671875,0.0
1,119,train_top_5,,0.005859375,0.0
1,139,train_loss,,7.0321044921875,0.0
1,139,train_throughput,,2990.944348077542,0.0
1,139,train_top_1,,0.001416015625,0.0
1,139,train_top_5,,0.0055419921875,0.0
1,159,train_loss,,7.009451866149902,0.0
1,159,train_throughput,,2986.9923289697413,0.0
1,159,train_top_1,,0.00126953125,0.0
1,159,train_top_5,,0.0052001953125,0.0
1,179,train_loss,,7.026016712188721,0.0
1,179,train_throughput,,2990.7687225462573,0.0
1,179,train_top_1,,0.0013427734375,0.0
1,179,train_top_5,,0.005615234375,0.0
1,199,train_loss,,7.021542549133301,0.0
1,199,train_throughput,,2984.0181482487483,0.0
1,199,train_top_1,,0.0014404296875,0.0
1,199,train_top_5,,0.0056640625,0.0
1,219,train_loss,,7.0323591232299805,0.0
1,219,train_throughput,,2985.8192983695285,0.0
1,219,train_top_1,,0.001611328125,0.0
1,219,train_top_5,,0.005908203125,0.0
1,239,train_loss,,7.007571697235107,0.0
1,239,train_throughput,,2985.7348192650393,0.0
1,239,train_top_1,,0.001416015625,0.0
1,239,train_top_5,,0.0057861328125,0.0
1,259,train_loss,,7.0302815437316895,0.0
1,259,train_throughput,,2986.238183997372,0.0
1,259,train_top_1,,0.001416015625,0.0
1,259,train_top_5,,0.005859375,0.0
1,279,train_loss,,6.999115943908691,0.0
1,279,train_throughput,,2987.8636132485453,0.0
1,279,train_top_1,,0.0013427734375,0.0
1,279,train_top_5,,0.0066162109375,0.0
1,299,train_loss,,7.0045318603515625,0.0
1,299,train_throughput,,2984.0326089507175,0.0
1,299,train_top_1,,0.00166015625,0.0
1,299,train_top_5,,0.0059814453125,0.0
1,319,train_loss,,7.017154216766357,0.0
1,319,train_throughput,,2984.59492275886,0.0
1,319,train_top_1,,0.001513671875,0.0
1,319,train_top_5,,0.00634765625,0.0
1,339,train_loss,,6.977802276611328,0.0
1,339,train_throughput,,2984.481167624088,0.0
1,339,train_top_1,,0.0014404296875,0.0
1,339,train_top_5,,0.0062255859375,0.0
1,359,train_loss,,6.988393783569336,0.0
1,359,train_throughput,,2985.082757879536,0.0
1,359,train_top_1,,0.0012939453125,0.0
1,359,train_top_5,,0.00595703125,0.0
1,379,train_loss,,6.987678050994873,0.0
1,379,train_throughput,,2985.116471947728,0.0
1,379,train_top_1,,0.0015869140625,0.0
1,379,train_top_5,,0.006005859375,0.0
1,399,train_loss,,6.995482444763184,0.0
1,399,train_throughput,,2987.121025955567,0.0
1,399,train_top_1,,0.0015869140625,0.0
1,399,train_top_5,,0.006591796875,0.0
1,419,train_loss,,6.988831043243408,0.0
1,419,train_throughput,,2985.180478904787,0.0
1,419,train_top_1,,0.0017333984375,0.0
1,419,train_top_5,,0.0059814453125,0.0
1,439,train_loss,,6.9869279861450195,0.0
1,439,train_throughput,,2981.4322489612764,0.0
1,439,train_top_1,,0.0015869140625,0.0
1,439,train_top_5,,0.0062744140625,0.0
1,459,train_loss,,6.985380172729492,0.0
1,459,train_throughput,,2986.1558092714204,0.0
1,459,train_top_1,,0.0012939453125,0.0
1,459,train_top_5,,0.00595703125,0.0
1,479,train_loss,,6.972567558288574,0.0
1,479,train_throughput,,2985.439491318943,0.0
1,479,train_top_1,,0.00185546875,0.0
1,479,train_top_5,,0.006689453125,0.0
1,499,train_loss,,6.972545623779297,0.0
1,499,train_throughput,,2980.8640403851505,0.0
1,499,train_top_1,,0.001611328125,0.0
1,499,train_top_5,,0.0066650390625,0.0
1,519,train_loss,,6.964626789093018,0.0
1,519,train_throughput,,2984.0524602501387,0.0
1,519,train_top_1,,0.0018310546875,0.0
1,519,train_top_5,,0.0068359375,0.0
1,539,train_loss,,6.96326208114624,0.0
1,539,train_throughput,,2981.090646043702,0.0
1,539,train_top_1,,0.0017578125,0.0
1,539,train_top_5,,0.0062744140625,0.0
1,559,train_loss,,6.976767063140869,0.0
1,559,train_throughput,,2984.9435527760197,0.0
1,559,train_top_1,,0.0018310546875,0.0
1,559,train_top_5,,0.0068603515625,0.0
1,579,train_loss,,6.988519191741943,0.0
1,579,train_throughput,,2986.404712130557,0.0
1,579,train_top_1,,0.001708984375,0.0
1,579,train_top_5,,0.0068115234375,0.0
1,599,train_loss,,6.956392288208008,0.0
1,599,train_throughput,,2980.9180895077616,0.0
1,599,train_top_1,,0.0016357421875,0.0
1,599,train_top_5,,0.006005859375,0.0
1,619,train_loss,,6.957624912261963,0.0
1,619,train_throughput,,2987.113443016987,0.0
1,619,train_top_1,,0.0017333984375,0.0
1,619,train_top_5,,0.0067626953125,0.0
1,49,validation_throughput,,3059.7870422931574,0.0
1,49,validation_top_1,,0.00186,0.0
1,49,validation_top_5,,0.00664,0.0
