epoch,iter,legend,note,value,rank
0,0,cfg,"Namespace(batch_size_per_device=128, channel_last=True, ctrl_port=50051, decay_rate=0.9, dtype='float16', epsilon=1.0, fuse_bn_add_relu=True, fuse_bn_relu=True, gpu_image_decoder=True, gpu_num_per_node=8, gradient_clipping=0.0, image_path='test_img/tiger.jpg', image_shape=[3, 224, 224], image_size=224, label_smoothing=0.1, learning_rate=0.001, log_dir='./logs_bs128_amp_1', loss_print_every_n_iter=20, lr_decay='cosine', lr_decay_epochs=2, lr_decay_rate=0.94, model='resnet50', model_load_dir=None, model_save_dir='./output/snapshots/model_save-20201217085945', momentum=0.875, nccl_fusion_max_ops=24, nccl_fusion_threshold_mb=16, node_ips=[''], num_classes=1000, num_epochs=2, num_examples=1281167, num_nodes=4, num_val_examples=50000, optimizer='sgd', pad_output=True, resize_shorter=256, rgb_mean=[123.68, 116.779, 103.939], rgb_std=[58.393, 57.12, 57.375], train_data_dir='./ofrecord/train', train_data_part_num=256, use_fp16=True, use_xla=None, val_batch_size_per_device=125, val_data_dir='./ofrecord/validation', val_data_part_num=256, warmup_epochs=5, wd=3.0517578125e-05)",,
0,19,train_loss,,7.118651866912842,0.0
0,19,train_throughput,,14467.86682437716,0.0
0,19,train_top_1,,0.0013671875,0.0
0,19,train_top_5,,0.00550537109375,0.0
0,39,train_loss,,7.1122636795043945,0.0
0,39,train_throughput,,24013.9483019647,0.0
0,39,train_top_1,,0.00107421875,0.0
0,39,train_top_5,,0.00494384765625,0.0
0,59,train_loss,,7.10853385925293,0.0
0,59,train_throughput,,25697.441707459922,0.0
0,59,train_top_1,,0.00140380859375,0.0
0,59,train_top_5,,0.005126953125,0.0
0,79,train_loss,,7.0975751876831055,0.0
0,79,train_throughput,,26090.054630833925,0.0
0,79,train_top_1,,0.00115966796875,0.0
0,79,train_top_5,,0.0047119140625,0.0
0,99,train_loss,,7.104542255401611,0.0
0,99,train_throughput,,26915.55311569483,0.0
0,99,train_top_1,,0.00130615234375,0.0
0,99,train_top_5,,0.00540771484375,0.0
0,119,train_loss,,7.101208209991455,0.0
0,119,train_throughput,,25231.584432933814,0.0
0,119,train_top_1,,0.001318359375,0.0
0,119,train_top_5,,0.00506591796875,0.0
0,139,train_loss,,7.0950236320495605,0.0
0,139,train_throughput,,24736.56250737927,0.0
0,139,train_top_1,,0.00126953125,0.0
0,139,train_top_5,,0.00526123046875,0.0
0,159,train_loss,,7.097444534301758,0.0
0,159,train_throughput,,24980.995735822067,0.0
0,159,train_top_1,,0.001318359375,0.0
0,159,train_top_5,,0.0052490234375,0.0
0,179,train_loss,,7.092425346374512,0.0
0,179,train_throughput,,26757.453493385034,0.0
0,179,train_top_1,,0.00120849609375,0.0
0,179,train_top_5,,0.0051025390625,0.0
0,199,train_loss,,7.0871782302856445,0.0
0,199,train_throughput,,26384.182552904105,0.0
0,199,train_top_1,,0.0010498046875,0.0
0,199,train_top_5,,0.0050048828125,0.0
0,219,train_loss,,7.076079368591309,0.0
0,219,train_throughput,,26346.80944149246,0.0
0,219,train_top_1,,0.001123046875,0.0
0,219,train_top_5,,0.00452880859375,0.0
0,239,train_loss,,7.082056045532227,0.0
0,239,train_throughput,,26779.621805886167,0.0
0,239,train_top_1,,0.0011474609375,0.0
0,239,train_top_5,,0.00528564453125,0.0
0,259,train_loss,,7.070406436920166,0.0
0,259,train_throughput,,27146.47480904885,0.0
0,259,train_top_1,,0.00133056640625,0.0
0,259,train_top_5,,0.00533447265625,0.0
0,279,train_loss,,7.089998245239258,0.0
0,279,train_throughput,,26243.58044597012,0.0
0,279,train_top_1,,0.00120849609375,0.0
0,279,train_top_5,,0.0049072265625,0.0
0,299,train_loss,,7.067596912384033,0.0
0,299,train_throughput,,26063.673651192723,0.0
0,299,train_top_1,,0.00106201171875,0.0
0,299,train_top_5,,0.0046630859375,0.0
0,11,validation_throughput,,10315.25157768431,0.0
0,11,validation_top_1,,0.0012708333333333332,0.0
0,11,validation_top_5,,0.005645833333333333,0.0
1,19,train_loss,,7.075076580047607,0.0
1,19,train_throughput,,21686.261262614546,0.0
1,19,train_top_1,,0.0011474609375,0.0
1,19,train_top_5,,0.00494384765625,0.0
1,39,train_loss,,7.078407287597656,0.0
1,39,train_throughput,,26253.454096066675,0.0
1,39,train_top_1,,0.0013427734375,0.0
1,39,train_top_5,,0.00477294921875,0.0
1,59,train_loss,,7.056565284729004,0.0
1,59,train_throughput,,25836.190513429017,0.0
1,59,train_top_1,,0.0011962890625,0.0
1,59,train_top_5,,0.0050048828125,0.0
1,79,train_loss,,7.0548787117004395,0.0
1,79,train_throughput,,26717.49330152507,0.0
1,79,train_top_1,,0.00130615234375,0.0
1,79,train_top_5,,0.00487060546875,0.0
1,99,train_loss,,7.0486955642700195,0.0
1,99,train_throughput,,26029.333803824447,0.0
1,99,train_top_1,,0.0013671875,0.0
1,99,train_top_5,,0.00487060546875,0.0
1,119,train_loss,,7.050609588623047,0.0
1,119,train_throughput,,26125.309807398888,0.0
1,119,train_top_1,,0.001123046875,0.0
1,119,train_top_5,,0.00479736328125,0.0
1,139,train_loss,,7.048535346984863,0.0
1,139,train_throughput,,26162.594581621444,0.0
1,139,train_top_1,,0.00142822265625,0.0
1,139,train_top_5,,0.0052490234375,0.0
1,159,train_loss,,7.038774013519287,0.0
1,159,train_throughput,,27208.32635606547,0.0
1,159,train_top_1,,0.00123291015625,0.0
1,159,train_top_5,,0.005126953125,0.0
1,179,train_loss,,7.00933837890625,0.0
1,179,train_throughput,,26077.565994352146,0.0
1,179,train_top_1,,0.00133056640625,0.0
1,179,train_top_5,,0.0052001953125,0.0
1,199,train_loss,,7.041119575500488,0.0
1,199,train_throughput,,27009.69319553359,0.0
1,199,train_top_1,,0.0011474609375,0.0
1,199,train_top_5,,0.00518798828125,0.0
1,219,train_loss,,7.025744915008545,0.0
1,219,train_throughput,,26040.22697610715,0.0
1,219,train_top_1,,0.00126953125,0.0
1,219,train_top_5,,0.00517578125,0.0
1,239,train_loss,,7.03123664855957,0.0
1,239,train_throughput,,27749.053583701265,0.0
1,239,train_top_1,,0.0013916015625,0.0
1,239,train_top_5,,0.0050537109375,0.0
1,259,train_loss,,7.015289783477783,0.0
1,259,train_throughput,,26804.998755305554,0.0
1,259,train_top_1,,0.00130615234375,0.0
1,259,train_top_5,,0.00538330078125,0.0
1,279,train_loss,,7.019789695739746,0.0
1,279,train_throughput,,26981.291416421005,0.0
1,279,train_top_1,,0.00152587890625,0.0
1,279,train_top_5,,0.0052490234375,0.0
1,299,train_loss,,7.0091166496276855,0.0
1,299,train_throughput,,25827.567777022505,0.0
1,299,train_top_1,,0.00130615234375,0.0
1,299,train_top_5,,0.0054931640625,0.0
1,11,validation_throughput,,10932.314885321155,0.0
1,11,validation_top_1,,0.0015833333333333333,0.0
1,11,validation_top_5,,0.005666666666666667,0.0
