epoch,iter,legend,note,value,rank
0,0,cfg,"Namespace(batch_size_per_device=128, channel_last=None, ctrl_port=50051, decay_rate=0.9, dtype='float32', epsilon=1.0, fuse_bn_add_relu=True, fuse_bn_relu=True, gpu_image_decoder=True, gpu_num_per_node=8, gradient_clipping=0.0, image_path='test_img/tiger.jpg', image_shape=[3, 224, 224], image_size=224, label_smoothing=0.1, learning_rate=0.001, log_dir='./logs_bs128_fp32_2', loss_print_every_n_iter=20, lr_decay='cosine', lr_decay_epochs=2, lr_decay_rate=0.94, model='resnet50', model_load_dir=None, model_save_dir='./output/snapshots/model_save-20201217120616', momentum=0.875, nccl_fusion_max_ops=24, nccl_fusion_threshold_mb=16, node_ips=['4'], num_classes=1000, num_epochs=2, num_examples=1281167, num_nodes=4, num_val_examples=50000, optimizer='sgd', pad_output=True, resize_shorter=256, rgb_mean=[123.68, 116.779, 103.939], rgb_std=[58.393, 57.12, 57.375], train_data_dir='./ofrecord/train', train_data_part_num=256, use_fp16=None, use_xla=None, val_batch_size_per_device=125, val_data_dir='./ofrecord/validation', val_data_part_num=256, warmup_epochs=5, wd=3.0517578125e-05)",,
0,19,train_loss,,7.093080997467041,0.0
0,19,train_throughput,,9023.502613185286,0.0
0,19,train_top_1,,0.001025390625,0.0
0,19,train_top_5,,0.004931640625,0.0
0,39,train_loss,,7.0828399658203125,0.0
0,39,train_throughput,,11743.27085735792,0.0
0,39,train_top_1,,0.001025390625,0.0
0,39,train_top_5,,0.0050048828125,0.0
0,59,train_loss,,7.104060173034668,0.0
0,59,train_throughput,,11750.026731172387,0.0
0,59,train_top_1,,0.00113525390625,0.0
0,59,train_top_5,,0.00533447265625,0.0
0,79,train_loss,,7.093584060668945,0.0
0,79,train_throughput,,11760.128237029037,0.0
0,79,train_top_1,,0.00142822265625,0.0
0,79,train_top_5,,0.00565185546875,0.0
0,99,train_loss,,7.083500862121582,0.0
0,99,train_throughput,,11725.24203390682,0.0
0,99,train_top_1,,0.001220703125,0.0
0,99,train_top_5,,0.00523681640625,0.0
0,119,train_loss,,7.083525657653809,0.0
0,119,train_throughput,,11692.424407611363,0.0
0,119,train_top_1,,0.0011962890625,0.0
0,119,train_top_5,,0.00482177734375,0.0
0,139,train_loss,,7.080321311950684,0.0
0,139,train_throughput,,11714.689486255473,0.0
0,139,train_top_1,,0.001123046875,0.0
0,139,train_top_5,,0.0050537109375,0.0
0,159,train_loss,,7.087016582489014,0.0
0,159,train_throughput,,11683.576142744736,0.0
0,159,train_top_1,,0.0012451171875,0.0
0,159,train_top_5,,0.00557861328125,0.0
0,179,train_loss,,7.088373184204102,0.0
0,179,train_throughput,,11680.585752520838,0.0
0,179,train_top_1,,0.00103759765625,0.0
0,179,train_top_5,,0.00477294921875,0.0
0,199,train_loss,,7.095829010009766,0.0
0,199,train_throughput,,11627.36553395885,0.0
0,199,train_top_1,,0.00103759765625,0.0
0,199,train_top_5,,0.00472412109375,0.0
0,219,train_loss,,7.076710224151611,0.0
0,219,train_throughput,,11636.490200568085,0.0
0,219,train_top_1,,0.00096435546875,0.0
0,219,train_top_5,,0.0050048828125,0.0
0,239,train_loss,,7.078141689300537,0.0
0,239,train_throughput,,11622.558125579653,0.0
0,239,train_top_1,,0.00140380859375,0.0
0,239,train_top_5,,0.00576171875,0.0
0,259,train_loss,,7.076590538024902,0.0
0,259,train_throughput,,11615.168933878593,0.0
0,259,train_top_1,,0.001171875,0.0
0,259,train_top_5,,0.00509033203125,0.0
0,279,train_loss,,7.068606376647949,0.0
0,279,train_throughput,,11592.799078696102,0.0
0,279,train_top_1,,0.00128173828125,0.0
0,279,train_top_5,,0.00531005859375,0.0
0,299,train_loss,,7.053411483764648,0.0
0,299,train_throughput,,11586.297368497811,0.0
0,299,train_top_1,,0.001220703125,0.0
0,299,train_top_5,,0.005517578125,0.0
0,11,validation_throughput,,10539.800631948518,0.0
0,11,validation_top_1,,0.0012916666666666667,0.0
0,11,validation_top_5,,0.005541666666666667,0.0
1,19,train_loss,,7.068031311035156,0.0
1,19,train_throughput,,10670.142325752237,0.0
1,19,train_top_1,,0.00111083984375,0.0
1,19,train_top_5,,0.00528564453125,0.0
1,39,train_loss,,7.062327861785889,0.0
1,39,train_throughput,,11556.842428653277,0.0
1,39,train_top_1,,0.00113525390625,0.0
1,39,train_top_5,,0.005419921875,0.0
1,59,train_loss,,7.054092884063721,0.0
1,59,train_throughput,,11546.551495995507,0.0
1,59,train_top_1,,0.0012451171875,0.0
1,59,train_top_5,,0.0056640625,0.0
1,79,train_loss,,7.051834583282471,0.0
1,79,train_throughput,,11529.745213508615,0.0
1,79,train_top_1,,0.0012939453125,0.0
1,79,train_top_5,,0.0056884765625,0.0
1,99,train_loss,,7.0394487380981445,0.0
1,99,train_throughput,,11520.89876033716,0.0
1,99,train_top_1,,0.00115966796875,0.0
1,99,train_top_5,,0.005615234375,0.0
1,119,train_loss,,7.0446295738220215,0.0
1,119,train_throughput,,11536.642589170011,0.0
1,119,train_top_1,,0.00133056640625,0.0
1,119,train_top_5,,0.00531005859375,0.0
1,139,train_loss,,7.035089015960693,0.0
1,139,train_throughput,,11543.961651715621,0.0
1,139,train_top_1,,0.001318359375,0.0
1,139,train_top_5,,0.0062255859375,0.0
1,159,train_loss,,7.046978950500488,0.0
1,159,train_throughput,,11556.250061128185,0.0
1,159,train_top_1,,0.0013427734375,0.0
1,159,train_top_5,,0.006103515625,0.0
1,179,train_loss,,7.036814212799072,0.0
1,179,train_throughput,,11554.240972726539,0.0
1,179,train_top_1,,0.001220703125,0.0
1,179,train_top_5,,0.00555419921875,0.0
1,199,train_loss,,7.023555755615234,0.0
1,199,train_throughput,,11543.57459386365,0.0
1,199,train_top_1,,0.00135498046875,0.0
1,199,train_top_5,,0.00572509765625,0.0
1,219,train_loss,,7.027181148529053,0.0
1,219,train_throughput,,11561.176254334086,0.0
1,219,train_top_1,,0.00133056640625,0.0
1,219,train_top_5,,0.00609130859375,0.0
1,239,train_loss,,7.020580768585205,0.0
1,239,train_throughput,,11570.047682361384,0.0
1,239,train_top_1,,0.00146484375,0.0
1,239,train_top_5,,0.00601806640625,0.0
1,259,train_loss,,7.0190277099609375,0.0
1,259,train_throughput,,11556.431574120055,0.0
1,259,train_top_1,,0.00133056640625,0.0
1,259,train_top_5,,0.0060546875,0.0
1,279,train_loss,,7.012143611907959,0.0
1,279,train_throughput,,11569.811588763068,0.0
1,279,train_top_1,,0.0013671875,0.0
1,279,train_top_5,,0.006005859375,0.0
1,299,train_loss,,6.995428085327148,0.0
1,299,train_throughput,,11572.512435830335,0.0
1,299,train_top_1,,0.0014404296875,0.0
1,299,train_top_5,,0.00589599609375,0.0
1,11,validation_throughput,,11347.868184611347,0.0
1,11,validation_top_1,,0.0020416666666666665,0.0
1,11,validation_top_5,,0.006729166666666666,0.0
